0.000000 0.000000 -0.170278 0.043394
0.009666 0.009666 -0.259889 0.060677
0.019332 0.019331 -0.390548 0.087712
0.028998 0.028994 -0.107011 0.121338
0.038665 0.038655 0.406723 0.136493
0.048331 0.048312 -0.225698 0.126019
0.057997 0.057964 0.058376 0.166223
0.067663 0.067611 -0.175423 0.190240
0.077329 0.077252 0.451638 0.232804
0.086995 0.086886 0.568330 0.226339
0.096662 0.096511 0.017209 0.196485
0.106328 0.106127 0.013153 0.199111
0.115994 0.115734 -0.105022 0.213570
0.125660 0.125330 0.063270 0.224978
0.135326 0.134913 -0.036341 0.216262
0.144992 0.144485 0.621626 0.250349
0.154658 0.154043 -0.040681 0.223635
0.164325 0.163586 -0.042917 0.230468
0.173991 0.173114 0.206578 0.269964
0.183657 0.182626 0.014790 0.299867
0.193323 0.192121 0.175382 0.326961
0.202989 0.201598 0.280809 0.354897
0.212655 0.211056 0.281966 0.358512
0.222322 0.220495 0.196095 0.382470
0.231988 0.229912 0.197242 0.405540
0.241654 0.239309 0.578385 0.392198
0.251320 0.248683 0.538715 0.379455
0.260986 0.258033 0.675847 0.366506
0.270652 0.267360 0.322339 0.370399
0.280318 0.276662 -0.028752 0.360134
0.289985 0.285937 0.069729 0.376076
0.299651 0.295187 0.302343 0.381592
0.309317 0.304408 0.123143 0.403489
0.318983 0.313601 -0.111049 0.399680
0.328649 0.322765 0.645391 0.414216
0.338315 0.331898 0.087338 0.413110
0.347982 0.341001 0.095983 0.449137
0.357648 0.350072 0.747011 0.475576
0.367314 0.359110 0.804634 0.455579
0.376980 0.368114 0.556673 0.457255
0.386646 0.377084 0.734105 0.473897
0.396312 0.386019 0.353105 0.471816
0.405978 0.394918 0.761125 0.496299
0.415645 0.403780 0.657495 0.480398
0.425311 0.412604 -0.069604 0.463509
0.434977 0.421389 0.323532 0.475817
0.444643 0.430136 0.279725 0.489467
0.454309 0.438842 0.753716 0.526482
0.463975 0.447507 0.117037 0.525693
0.473642 0.456130 0.290094 0.544973
0.483308 0.464711 0.180049 0.570400
0.492974 0.473248 0.740269 0.616211
0.502640 0.481741 0.046959 0.617570
0.512306 0.490189 0.179678 0.649422
0.521972 0.498591 0.623274 0.653395
0.531638 0.506946 0.807874 0.631790
0.541305 0.515255 0.624770 0.616436
0.550971 0.523515 0.347072 0.634707
0.560637 0.531726 0.838147 0.668713
0.570303 0.539887 0.889522 0.680976
0.579969 0.547998 0.692488 0.652659
0.589635 0.556058 0.842764 0.648127
0.599302 0.564066 0.443106 0.658552
0.608968 0.572021 0.319709 0.684146
0.618634 0.579923 0.176544 0.723409
0.628300 0.587770 0.596544 0.772497
0.637966 0.595563 1.020030 0.800767
0.647632 0.603300 0.737932 0.778195
0.657298 0.610980 0.502624 0.756020
0.666965 0.618604 0.798648 0.761075
0.676631 0.626170 1.096261 0.779027
0.686297 0.633677 0.767455 0.780944
0.695963 0.641125 0.683988 0.789707
0.705629 0.648513 0.259143 0.817447
0.715295 0.655840 0.191181 0.868279
0.724962 0.663107 0.500794 0.909892
0.734628 0.670311 0.990191 0.944386
0.744294 0.677453 1.027179 0.914024
0.753960 0.684531 1.083423 0.904125
0.763626 0.691545 0.323172 0.898961
0.773292 0.698495 0.601858 0.945346
0.782958 0.705380 1.051261 0.943018
0.792625 0.712198 0.954988 0.954993
0.802291 0.718950 1.104964 0.957094
0.811957 0.725635 1.158311 0.922563
0.821623 0.732252 1.161938 0.893561
0.831289 0.738801 0.568584 0.865737
0.840955 0.745280 0.294446 0.862340
0.850622 0.751690 0.603721 0.903338
0.860288 0.758030 1.157685 0.898749
0.869954 0.764299 1.134596 0.891533
0.879620 0.770497 0.942728 0.885306
0.889286 0.776622 1.238779 0.867057
0.898952 0.782675 1.275778 0.846354
0.908618 0.788655 1.023449 0.840688
0.918285 0.794561 1.190676 0.835572
0.927951 0.800393 0.382946 0.830814
0.937617 0.806150 0.829207 0.846976
0.947283 0.811832 0.980126 0.845248
0.956949 0.817438 1.250877 0.824984
0.966615 0.822968 0.555305 0.784642
0.976282 0.828420 1.290761 0.803342
0.985948 0.833796 0.996993 0.778055
0.995614 0.839093 0.414352 0.791438
1.005280 0.844312 0.578267 0.795099
1.014946 0.849452 0.605472 0.824550
1.024612 0.854513 0.500635 0.835050
1.034278 0.859494 1.114400 0.876994
1.043945 0.864394 0.511951 0.845969
1.053611 0.869214 1.013368 0.878966
1.063277 0.873953 1.010050 0.851545
1.072943 0.878610 0.577743 0.854002
1.082609 0.883185 0.824726 0.884814
1.092275 0.887677 1.162450 0.879555
1.101942 0.892086 0.921125 0.871261
1.111608 0.896412 1.095530 0.893079
1.121274 0.900655 0.706176 0.894147
1.130940 0.904813 0.794656 0.895384
1.140606 0.908886 0.574846 0.886816
1.150272 0.912875 0.444035 0.916570
1.159938 0.916779 0.929306 0.955961
1.169605 0.920596 0.785018 0.983035
1.179271 0.924328 1.264655 0.970468
1.188937 0.927973 0.487576 0.931350
1.198603 0.931532 1.167272 0.978355
1.208269 0.935004 0.815478 0.981701
1.217935 0.938388 1.339508 1.013834
1.227602 0.941684 0.493902 0.984661
1.237268 0.944893 1.171905 1.003038
1.246934 0.948013 0.464951 1.015706
1.256600 0.951045 1.059187 1.045350
1.266266 0.953988 1.193970 1.036736
1.275932 0.956842 0.719545 1.012426
1.285598 0.959606 0.996579 1.048183
1.295265 0.962281 1.357480 1.044209
1.304931 0.964865 1.116893 1.043983
1.314597 0.967360 0.730918 1.055115
1.324263 0.969764 0.623303 1.079687
1.333929 0.972078 1.169914 1.119540
1.343595 0.974301 1.231862 1.096462
1.353262 0.976432 1.470787 1.108450
1.362928 0.978473 0.533681 1.085476
1.372594 0.980422 0.482284 1.123557
1.382260 0.982280 1.427682 1.153401
1.391926 0.984045 1.234190 1.146949
1.401592 0.985719 1.458130 1.135212
1.411258 0.987301 0.756047 1.117463
1.420925 0.988790 0.861452 1.120519
1.430591 0.990187 1.425274 1.135356
1.440257 0.991492 1.057824 1.138829
1.449923 0.992704 0.886911 1.158825
1.459589 0.993823 0.707758 1.162898
1.469255 0.994849 1.434697 1.165047
1.478922 0.995782 0.917091 1.162342
1.488588 0.996623 1.352972 1.179179
1.498254 0.997370 1.339528 1.147129
1.507920 0.998024 1.222350 1.152521
1.517586 0.998585 1.420366 1.157304
1.527252 0.999052 0.708348 1.120640
1.536918 0.999426 1.471624 1.156549
1.546585 0.999707 1.011319 1.118789
1.556251 0.999894 1.295298 1.097698
1.565917 0.999988 1.079168 1.100222
1.575583 0.999989 1.298627 1.073217
1.585249 0.999896 0.999453 1.068345
1.594915 0.999709 1.103152 1.068003
1.604582 0.999429 0.817158 1.070663
1.614248 0.999056 1.158195 1.070498
1.623914 0.998590 1.494744 1.036512
1.633580 0.998030 1.457745 0.996173
1.643246 0.997377 0.968369 0.996460
1.652912 0.996630 0.750727 1.009883
1.662578 0.995791 1.380614 1.023876
1.672245 0.994859 1.253823 1.025295
1.681911 0.993833 0.711979 1.013923
1.691577 0.992715 1.447364 1.035918
1.701243 0.991504 1.318006 0.986606
1.710909 0.990200 0.687075 0.967658
1.720575 0.988804 1.426546 0.993924
1.730242 0.987316 0.716418 0.962866
1.739908 0.985735 0.589498 0.951368
1.749574 0.984062 1.345782 0.985017
1.759240 0.982297 0.539061 0.976165
1.768906 0.980440 1.201196 0.996979
1.778572 0.978492 0.992607 0.973599
1.788238 0.976452 1.156344 0.988747
1.797905 0.974322 0.813871 0.993655
1.807571 0.972100 0.478478 0.988011
1.817237 0.969787 0.687964 1.007899
1.826903 0.967384 1.463477 1.003701
1.836569 0.964890 1.236825 0.956187
1.846235 0.962306 1.030591 0.953821
1.855902 0.959632 1.409002 0.959260
1.865568 0.956869 1.026374 0.939462
1.875234 0.954016 1.151882 0.911547
1.884900 0.951074 0.461114 0.921741
1.894566 0.948043 0.939055 0.933945
1.904232 0.944923 1.212403 0.912790
1.913898 0.941716 0.805374 0.903193
1.923565 0.938420 0.486456 0.930517
1.933231 0.935036 1.262485 0.958681
1.942897 0.931566 1.168740 0.914973
1.952563 0.928008 0.955337 0.893194
1.962229 0.924363 0.733607 0.886525
1.971895 0.920632 1.295568 0.886996
1.981562 0.916816 1.254488 0.867863
1.991228 0.912913 0.701008 0.869129
2.000894 0.908925 0.876225 0.868046
2.010560 0.904852 0.604016 0.861386
2.020226 0.900695 0.513186 0.862316
2.029892 0.896453 1.189507 0.853729
2.039558 0.892128 1.139374 0.821338
2.049225 0.887720 1.013044 0.800127
2.058891 0.883228 0.468070 0.772837
2.068557 0.878654 1.355765 0.786018
2.078223 0.873998 0.705185 0.742252
2.087889 0.869260 0.515962 0.727407
2.097555 0.864441 1.020467 0.742106
2.107222 0.859541 1.351850 0.742662
2.116888 0.854561 1.049742 0.737143
2.126554 0.849501 0.388321 0.715604
2.136220 0.844362 0.733167 0.729203
2.145886 0.839143 0.821946 0.718322
2.155552 0.833847 0.743039 0.706826
2.165218 0.828472 0.912902 0.708391
2.174885 0.823020 1.279806 0.715254
2.184551 0.817491 0.679349 0.683733
2.194217 0.811886 0.743021 0.697343
2.203883 0.806205 0.622621 0.693472
2.213549 0.800449 0.341435 0.710232
2.223215 0.794617 0.541695 0.740273
2.232882 0.788712 0.715147 0.761260
2.242548 0.782733 0.467248 0.743676
2.252214 0.776681 0.731681 0.754695
2.261880 0.770556 0.480462 0.739751
2.271546 0.764359 0.408284 0.723261
2.281212 0.758091 0.809926 0.745145
2.290878 0.751752 1.031591 0.760195
2.300545 0.745342 1.241466 0.738210
2.310211 0.738863 0.618971 0.693815
2.319877 0.732315 0.660307 0.681399
2.329543 0.725699 0.515533 0.682093
2.339209 0.719015 0.592042 0.702429
2.348875 0.712263 0.774323 0.724601
2.358542 0.705445 1.050167 0.692000
2.368208 0.698561 0.649381 0.668576
2.377874 0.691612 0.951554 0.687934
2.387540 0.684598 0.665601 0.649504
2.397206 0.677521 0.957818 0.624582
2.406872 0.670380 0.942254 0.579566
2.416538 0.663176 0.961449 0.557233
2.426205 0.655910 0.363467 0.554908
2.435871 0.648583 0.687632 0.548974
2.445537 0.641196 0.432800 0.519303
2.455203 0.633749 0.150656 0.507037
2.464869 0.626242 0.845960 0.523033
2.474535 0.618677 1.110925 0.502216
2.484202 0.611054 0.591903 0.476389
2.493868 0.603374 0.353564 0.473222
2.503534 0.595637 0.370640 0.492056
2.513200 0.587845 0.674197 0.483147
2.522866 0.579998 0.922248 0.464946
2.532532 0.572097 1.035475 0.432256
2.542198 0.564142 0.122311 0.376790
2.551865 0.556135 0.581694 0.415368
2.561531 0.548076 1.036540 0.410734
2.571197 0.539965 0.182944 0.367886
2.580863 0.531804 0.167154 0.393682
2.590529 0.523594 0.057500 0.397332
2.600195 0.515334 0.495604 0.425939
2.609862 0.507026 0.914952 0.421798
2.619528 0.498671 0.244772 0.383802
2.629194 0.490269 0.094215 0.408259
2.638860 0.481822 0.187486 0.416366
2.648526 0.473329 0.470567 0.447000
2.658192 0.464793 0.429620 0.427691
2.667858 0.456212 0.594385 0.438687
2.677525 0.447590 0.528570 0.414812
2.687191 0.438925 0.730239 0.382702
2.696857 0.430219 0.192465 0.345698
2.706523 0.421473 0.310188 0.364361
2.716189 0.412688 0.268443 0.384364
2.725855 0.403865 -0.073857 0.369441
2.735522 0.395003 0.893874 0.377684
2.745188 0.386105 0.489028 0.332271
2.754854 0.377170 0.179578 0.335378
2.764520 0.368200 0.698853 0.323162
2.774186 0.359196 0.240159 0.285683
2.783852 0.350159 0.629632 0.277486
2.793518 0.341088 0.412791 0.249845
2.803185 0.331986 0.155024 0.237055
2.812851 0.322853 0.733922 0.223453
2.822517 0.313689 0.256360 0.189669
2.832183 0.304496 0.800163 0.206977
2.841849 0.295275 0.084377 0.179877
2.851515 0.286026 0.649547 0.166498
2.861182 0.276751 0.116880 0.147883
2.870848 0.267449 -0.113620 0.153672
2.880514 0.258123 -0.009845 0.159487
2.890180 0.248772 0.565722 0.146437
2.899846 0.239399 0.710254 0.142570
2.909512 0.230003 -0.030030 0.113684
2.919178 0.220585 0.091019 0.120396
2.928845 0.211147 -0.014400 0.133393
2.938511 0.201689 0.551172 0.153329
2.948177 0.192212 -0.064739 0.129181
2.957843 0.182717 -0.050734 0.144022
2.967509 0.173205 0.076233 0.160190
2.977175 0.163677 0.076807 0.151355
2.986842 0.154134 0.156988 0.128514
2.996508 0.144576 -0.117013 0.120451
3.006174 0.135005 0.058236 0.132086
3.015840 0.125421 0.602533 0.145201
3.025506 0.115826 0.258149 0.113875
3.035172 0.106220 -0.183203 0.110421
3.044838 0.096603 0.277258 0.115831
3.054505 0.086978 0.232658 0.088681
3.064171 0.077345 0.002681 0.062648
3.073837 0.067704 -0.270853 0.066297
3.083503 0.058057 0.488383 0.051731
3.093169 0.048405 0.132529 0.019593
3.102835 0.038748 0.104225 -0.013838
3.112502 0.029087 0.350950 -0.019229
3.122168 0.019424 0.384318 -0.067466
3.131834 0.009759 0.068217 -0.101910
3.141500 0.000093 0.232079 -0.110356
3.151166 -0.009573 0.272616 -0.117939
3.160832 -0.019238 -0.100463 -0.157120
3.170498 -0.028902 -0.380002 -0.186608
3.180165 -0.038562 -0.004275 -0.172935
3.189831 -0.048219 0.115680 -0.205674
3.199497 -0.057872 0.320542 -0.247009
3.209163 -0.067519 -0.023984 -0.272399
3.218829 -0.077160 0.189068 -0.305333
3.228495 -0.086793 -0.074998 -0.317919
3.238162 -0.096419 -0.265751 -0.339532
3.247828 -0.106035 -0.288002 -0.324616
3.257494 -0.115642 0.075663 -0.343067
3.267160 -0.125238 -0.562186 -0.352658
3.276826 -0.134822 -0.154369 -0.326140
3.286492 -0.144393 -0.536083 -0.311720
3.296158 -0.153951 -0.003602 -0.301308
3.305825 -0.163495 -0.613780 -0.301751
3.315491 -0.173023 -0.304573 -0.268233
3.325157 -0.182535 -0.100700 -0.287671
3.334823 -0.192030 0.080424 -0.302830
3.344489 -0.201507 -0.511011 -0.342075
3.354155 -0.210966 -0.690213 -0.348750
3.363822 -0.220404 -0.106555 -0.312156
3.373488 -0.229822 -0.659050 -0.342290
3.383154 -0.239219 -0.711020 -0.317664
3.392820 -0.248593 -0.187266 -0.300676
3.402486 -0.257944 -0.682655 -0.289958
3.412152 -0.267271 -0.062659 -0.293076
3.421818 -0.276573 -0.507247 -0.294139
3.431485 -0.285849 0.032566 -0.268826
3.441151 -0.295098 -0.657032 -0.310748
3.450817 -0.304320 -0.116158 -0.313029
3.460483 -0.313513 -0.031812 -0.316644
3.470149 -0.322677 0.134017 -0.361025
3.479815 -0.331811 -0.327828 -0.370486
3.489482 -0.340914 -0.012458 -0.355175
3.499148 -0.349985 0.056567 -0.402541
3.508814 -0.359023 -0.693338 -0.444995
3.518480 -0.368028 -0.403872 -0.455715
3.528146 -0.376998 -0.704477 -0.439834
3.537812 -0.385934 -0.644502 -0.450118
3.547478 -0.394833 0.041658 -0.447221
3.557145 -0.403695 -0.709231 -0.472015
3.566811 -0.412519 -0.166525 -0.444295
3.576477 -0.421305 -0.371270 -0.444589
3.586143 -0.430052 0.027100 -0.460011
3.595809 -0.438758 -0.745027 -0.497833
3.605475 -0.447424 -0.083903 -0.466316
3.615142 -0.456047 -0.001001 -0.492581
3.624808 -0.464629 -0.805871 -0.512995
3.634474 -0.473166 -0.702650 -0.494955
3.644140 -0.481659 -0.188453 -0.467698
3.653806 -0.490108 -0.919427 -0.466392
3.663472 -0.498510 -0.055214 -0.465340
3.673138 -0.506866 -0.021607 -0.506876
3.682805 -0.515175 -0.959784 -0.554203
3.692471 -0.523436 -0.792502 -0.539281
3.702137 -0.531647 -0.907742 -0.524921
3.711803 -0.539809 -0.086258 -0.526294
3.721469 -0.547921 -0.910160 -0.548024
3.731135 -0.555981 -0.586545 -0.543002
3.740802 -0.563989 -0.454230 -0.550676
3.750468 -0.571945 -0.154833 -0.563013
3.760134 -0.579847 -0.172410 -0.609113
3.769800 -0.587695 -0.679693 -0.628869
3.779466 -0.595488 -0.729358 -0.644442
3.789132 -0.603226 -0.114670 -0.643485
3.798798 -0.610907 -0.609213 -0.661567
3.808465 -0.618531 -0.409281 -0.663581
3.818131 -0.626097 -0.445077 -0.688469
3.827797 -0.633605 -0.157501 -0.723221
3.837463 -0.641054 -0.162325 -0.731344
3.847129 -0.648442 -0.898404 -0.741059
3.856795 -0.655770 -0.885926 -0.734899
3.866462 -0.663037 -0.968146 -0.743367
3.876128 -0.670242 -0.661346 -0.751566
3.885794 -0.677384 -0.505306 -0.741555
3.895460 -0.684463 -0.935188 -0.753457
3.905126 -0.691478 -0.520865 -0.762673
3.914792 -0.698429 -0.809714 -0.791645
3.924458 -0.705314 -0.740029 -0.769280
3.934125 -0.712133 -0.700979 -0.793571
3.943791 -0.718886 -1.076822 -0.796070
3.953457 -0.725571 -0.567531 -0.766480
3.963123 -0.732189 -0.991154 -0.799779
3.972789 -0.738738 -0.710219 -0.817215
3.982455 -0.745219 -0.476305 -0.841177
3.992122 -0.751629 -0.649499 -0.882007
4.001788 -0.757970 -0.907037 -0.868343
4.011454 -0.764239 -1.140121 -0.858699
4.021120 -0.770438 -0.319969 -0.823918
4.030786 -0.776564 -0.356614 -0.873280
4.040452 -0.782618 -0.775217 -0.880680
4.050118 -0.788598 -1.055284 -0.867665
4.059785 -0.794505 -1.132116 -0.844556
4.069451 -0.800338 -0.461140 -0.841440
4.079117 -0.806095 -0.743334 -0.877090
4.088783 -0.811778 -1.119511 -0.891527
4.098449 -0.817385 -1.100307 -0.905344
4.108115 -0.822915 -0.362406 -0.895716
4.117782 -0.828368 -1.225857 -0.931428
4.127448 -0.833745 -0.750963 -0.903627
4.137114 -0.839043 -0.485013 -0.901076
4.146780 -0.844262 -1.233511 -0.906772
4.156446 -0.849403 -1.339881 -0.916059
4.166112 -0.854465 -1.189451 -0.883332
4.175778 -0.859446 -1.292916 -0.853790
4.185445 -0.864348 -0.376219 -0.827623
4.195111 -0.869168 -0.714150 -0.864095
4.204777 -0.873908 -0.444497 -0.854348
4.214443 -0.878565 -1.307213 -0.872844
4.224109 -0.883141 -0.504605 -0.838410
4.233775 -0.887634 -0.514927 -0.860140
4.243442 -0.892044 -0.593100 -0.887466
4.253108 -0.896371 -1.069793 -0.921637
4.262774 -0.900614 -1.174137 -0.921198
4.272440 -0.904773 -1.032081 -0.890808
4.282106 -0.908848 -1.395847 -0.874035
4.291772 -0.912837 -0.907756 -0.872224
4.301438 -0.916742 -1.076643 -0.871147
4.311105 -0.920560 -0.669835 -0.886242
4.320771 -0.924293 -0.699936 -0.926377
4.330437 -0.927939 -0.598934 -0.929085
4.340103 -0.931498 -1.419260 -0.950263
4.349769 -0.934971 -0.685345 -0.933913
4.359435 -0.938356 -0.598609 -0.961391
4.369102 -0.941653 -0.769575 -1.003243
4.378768 -0.944863 -1.105649 -0.989930
4.388434 -0.947984 -0.519214 -0.995932
4.398100 -0.951016 -0.814431 -1.023643
4.407766 -0.953960 -0.618516 -1.018073
4.417432 -0.956815 -0.939221 -1.048573
4.427098 -0.959580 -1.061435 -1.061121
4.436765 -0.962255 -1.276520 -1.054130
4.446431 -0.964841 -1.061020 -1.027976
4.456097 -0.967337 -0.566339 -1.030624
4.465763 -0.969742 -0.696616 -1.063101
4.475429 -0.972056 -1.359626 -1.061007
4.485095 -0.974280 -0.886219 -1.031185
4.494762 -0.976412 -1.378540 -1.023073
4.504428 -0.978454 -1.472533 -0.995657
4.514094 -0.980404 -0.754094 -0.948518
4.523760 -0.982262 -1.022501 -0.957979
4.533426 -0.984029 -1.092263 -0.955829
4.543092 -0.985704 -1.234902 -0.956612
4.552758 -0.987286 -1.435649 -0.960396
4.562425 -0.988776 -0.503303 -0.915545
4.572091 -0.990174 -1.225701 -0.942198
4.581757 -0.991480 -1.073437 -0.951451
4.591423 -0.992693 -0.703026 -0.943923
4.601089 -0.993813 -1.228515 -0.970698
4.610755 -0.994840 -1.190173 -0.955646
4.620422 -0.995774 -0.921629 -0.937986
4.630088 -0.996615 -0.753428 -0.940988
4.639754 -0.997363 -1.113990 -0.951761
4.649420 -0.998018 -1.215874 -0.949161
4.659086 -0.998580 -0.654743 -0.943265
4.668752 -0.999048 -0.763186 -0.962322
4.678418 -0.999423 -0.723978 -0.950848
4.688085 -0.999705 -0.830220 -0.973451
4.697751 -0.999893 -0.529740 -0.984022
4.707417 -0.999988 -0.943330 -1.001202
4.717083 -0.999989 -0.979496 -1.007779
4.726749 -0.999897 -1.107917 -1.000207
4.736415 -0.999711 -1.310588 -0.971859
4.746082 -0.999432 -0.538618 -0.942841
4.755748 -0.999060 -1.036369 -0.956855
4.765414 -0.998595 -1.410762 -0.956691
4.775080 -0.998036 -0.922884 -0.934476
4.784746 -0.997383 -1.238525 -0.925752
4.794412 -0.996638 -0.927468 -0.917828
4.804078 -0.995799 -0.836966 -0.927917
4.813745 -0.994868 -0.981669 -0.934145
4.823411 -0.993843 -0.968895 -0.911291
4.833077 -0.992726 -1.061988 -0.912226
4.842743 -0.991516 -1.097949 -0.882652
4.852409 -0.990213 -1.035884 -0.864711
4.862075 -0.988818 -0.533711 -0.867678
4.871742 -0.987330 -1.176041 -0.886321
4.881408 -0.985750 -1.041645 -0.879490
4.891074 -0.984078 -0.873342 -0.858352
4.900740 -0.982314 -1.074862 -0.874697
4.910406 -0.980459 -0.828064 -0.871992
4.920072 -0.978511 -0.540952 -0.859257
4.929738 -0.976472 -0.730234 -0.883355
4.939405 -0.974342 -0.818896 -0.905371
4.949071 -0.972121 -1.033082 -0.916742
4.958737 -0.969809 -0.966468 -0.930010
4.968403 -0.967407 -0.748391 -0.914170
4.978069 -0.964914 -1.080045 -0.940826
4.987735 -0.962331 -1.129252 -0.914084
4.997402 -0.959658 -0.961535 -0.900830
5.007068 -0.956896 -0.524586 -0.904955
5.016734 -0.954043 -0.987599 -0.924606
5.026400 -0.951102 -0.470512 -0.915573
5.036066 -0.948072 -0.739127 -0.920731
5.045732 -0.944954 -1.095212 -0.947911
5.055398 -0.941747 -0.906574 -0.912710
5.065065 -0.938452 -1.039422 -0.905745
5.074731 -0.935069 -0.618882 -0.878872
5.084397 -0.931599 -1.200239 -0.897619
5.094063 -0.928042 -1.020773 -0.875562
5.103729 -0.924399 -0.573360 -0.871177
5.113395 -0.920669 -1.022921 -0.872359
5.123062 -0.916853 -1.170538 -0.842655
5.132728 -0.912951 -1.046332 -0.808192
5.142394 -0.908964 -1.298426 -0.794947
5.152060 -0.904892 -0.649681 -0.747863
5.161726 -0.900735 -1.281499 -0.755696
5.171392 -0.896495 -0.545211 -0.754871
5.181058 -0.892170 -0.864169 -0.757729
5.190725 -0.887762 -1.044032 -0.773336
5.200391 -0.883272 -0.917620 -0.753423
5.210057 -0.878698 -0.806934 -0.754447
5.219723 -0.874043 -0.573664 -0.776787
5.229389 -0.869306 -1.282725 -0.796031
5.239055 -0.864488 -0.391191 -0.747419
5.248722 -0.859588 -0.767285 -0.762640
5.258388 -0.854609 -0.501952 -0.764104
5.268054 -0.849550 -0.993826 -0.793122
5.277720 -0.844411 -0.759097 -0.767332
5.287386 -0.839194 -0.933084 -0.757525
5.297052 -0.833898 -0.596998 -0.734899
5.306718 -0.828524 -0.428838 -0.721130
5.316385 -0.823073 -0.481281 -0.737563
5.326051 -0.817545 -0.781426 -0.734481
5.335717 -0.811940 -0.356741 -0.747788
5.345383 -0.806260 -0.806336 -0.770458
5.355049 -0.800504 -1.265011 -0.788722
5.364715 -0.794674 -0.602361 -0.746851
5.374382 -0.788769 -1.176308 -0.757843
5.384048 -0.782791 -0.645778 -0.731218
5.393714 -0.776739 -0.938106 -0.735088
5.403380 -0.770615 -1.253738 -0.698533
5.413046 -0.764419 -0.958532 -0.663775
5.422712 -0.758151 -0.310490 -0.626665
5.432378 -0.751813 -0.695613 -0.649336
5.442045 -0.745404 -0.796568 -0.644786
5.451711 -0.738926 -1.082305 -0.630526
5.461377 -0.732378 -0.478022 -0.620443
5.471043 -0.725763 -0.562962 -0.615802
5.480709 -0.719079 -0.480562 -0.607497
5.490375 -0.712328 -0.321615 -0.618484
5.500042 -0.705511 -0.757499 -0.653919
5.509708 -0.698628 -0.419643 -0.643477
5.519374 -0.691679 -1.047571 -0.661143
5.529040 -0.684666 -0.810143 -0.650607
5.538706 -0.677589 -1.171607 -0.619827
5.548372 -0.670448 -0.427597 -0.570035
5.558038 -0.663245 -0.822201 -0.595685
5.567705 -0.655980 -0.643819 -0.598663
5.577371 -0.648654 -0.723165 -0.578522
5.587037 -0.641267 -0.207004 -0.588145
5.596703 -0.633820 -0.558577 -0.612717
5.606369 -0.626314 -0.216344 -0.619890
5.616035 -0.618750 -0.763911 -0.623029
5.625702 -0.611127 -0.604611 -0.625260
5.635368 -0.603448 -0.511358 -0.611011
5.645034 -0.595712 -0.880648 -0.625273
5.654700 -0.587920 -0.385201 -0.599188
5.664366 -0.580074 -0.396856 -0.608201
5.674032 -0.572173 -0.700305 -0.617811
5.683698 -0.564219 -1.030313 -0.610728
5.693365 -0.556212 -0.548659 -0.587129
5.703031 -0.548153 -0.772968 -0.593752
5.712697 -0.540043 -0.836851 -0.572043
5.722363 -0.531883 -0.194546 -0.532408
5.732029 -0.523672 -0.175777 -0.550316
5.741695 -0.515413 -0.940582 -0.546512
5.751362 -0.507106 -0.881767 -0.515763
5.761028 -0.498751 -0.241007 -0.507429
5.770694 -0.490350 -0.915610 -0.508415
5.780360 -0.481903 -0.698447 -0.495262
5.790026 -0.473411 -0.702040 -0.500029
5.799692 -0.464875 -0.279124 -0.471201
5.809358 -0.456295 -0.808524 -0.490271
5.819025 -0.447672 -0.319632 -0.449117
5.828691 -0.439008 -0.796609 -0.461493
5.838357 -0.430303 -0.358935 -0.422678
5.848023 -0.421558 -0.565468 -0.423166
5.857689 -0.412773 -0.589063 -0.404666
5.867355 -0.403949 -0.558632 -0.375934
5.877022 -0.395088 -0.558347 -0.338727
5.886688 -0.386190 -0.681106 -0.314680
5.896354 -0.377256 -0.338787 -0.275385
5.906020 -0.368287 -0.044165 -0.245009
5.915686 -0.359283 -0.552694 -0.238910
5.925352 -0.350245 -0.099704 -0.233402
5.935018 -0.341175 -0.325596 -0.224595
5.944685 -0.332073 -0.715096 -0.222451
5.954351 -0.322940 -0.260728 -0.181897
5.964017 -0.313777 -0.652548 -0.194683
5.973683 -0.304585 -0.793781 -0.183152
5.983349 -0.295364 -0.125482 -0.135960
5.993015 -0.286115 -0.660531 -0.124752
6.002682 -0.276840 0.014566 -0.107717
6.012348 -0.267539 -0.567154 -0.133140
6.022014 -0.258212 -0.020305 -0.111055
6.031680 -0.248862 -0.368693 -0.126384
6.041346 -0.239489 -0.195466 -0.090235
6.051012 -0.230093 -0.014434 -0.088886
6.060678 -0.220675 0.185511 -0.103141
6.070345 -0.211237 -0.077398 -0.126386
6.080011 -0.201780 0.104794 -0.106999
6.089677 -0.192303 0.268725 -0.106441
6.099343 -0.182808 0.077804 -0.144006
6.109009 -0.173297 -0.442516 -0.130499
6.118675 -0.163769 0.076427 -0.088374
6.128342 -0.154226 -0.282724 -0.102841
6.138008 -0.144668 0.095986 -0.109033
6.147674 -0.135097 -0.516441 -0.133976
6.157340 -0.125513 -0.421924 -0.085239
6.167006 -0.115918 0.150066 -0.066382
6.176672 -0.106312 0.098666 -0.061373
6.186338 -0.096696 -0.319832 -0.064094
6.196005 -0.087070 -0.493897 -0.066481
6.205671 -0.077437 -0.125458 -0.039185
6.215337 -0.067796 -0.326883 -0.029316
6.225003 -0.058149 0.354293 -0.023053
6.234669 -0.048497 -0.168481 -0.015297
6.244335 -0.038840 -0.299545 -0.003231
6.254002 -0.029180 -0.279386 0.026905
6.263668 -0.019516 0.310343 0.037503
6.273334 -0.009851 0.115961 0.019407
6.283000 -0.000185 -0.482576 -0.001199
6.292666 0.009481 0.347946 0.052571
6.302332 0.019146 0.399971 0.029049
6.311998 0.028809 -0.212913 0.010303
6.321665 0.038470 -0.406566 0.026699
6.331331 0.048127 -0.402860 0.034012
6.340997 0.057779 0.458289 0.044610
6.350663 0.067427 -0.044775 0.021336
6.360329 0.077067 0.250245 0.058606
6.369995 0.086701 0.044235 0.075922
6.379662 0.096327 -0.367570 0.101816
6.389328 0.105943 0.052032 0.153609
6.398994 0.115550 0.071924 0.178404
6.408660 0.125146 -0.201631 0.214229
6.418326 0.134730 0.509421 0.229286
6.427992 0.144301 0.072842 0.211160
6.437658 0.153860 0.303171 0.203318
6.447325 0.163403 -0.067423 0.208242
6.456991 0.172932 -0.051578 0.215145
6.466657 0.182444 -0.296163 0.230450
6.476323 0.191939 0.592815 0.270523
6.485989 0.201417 -0.122492 0.255888
6.495655 0.210875 0.025063 0.286405
6.505322 0.220314 0.115010 0.317244
6.514988 0.229732 -0.260319 0.351471
6.524654 0.239129 -0.190892 0.375699
6.534320 0.248503 -0.007196 0.387935
6.543986 0.257854 0.700632 0.434672
6.553652 0.267181 0.596553 0.412700
6.563318 0.276484 0.562122 0.399366
6.572985 0.285760 0.668294 0.379787
6.582651 0.295010 0.547932 0.386207
6.592317 0.304232 0.788423 0.391897
6.601983 0.313425 0.099506 0.368602
6.611649 0.322589 0.146910 0.371680
6.621315 0.331724 -0.084015 0.387340
6.630982 0.340827 0.401665 0.407922
6.640648 0.349898 0.070639 0.430036
6.650314 0.358937 0.254518 0.463272
6.659980 0.367942 0.505290 0.469639
6.669646 0.376913 0.300113 0.473582
6.679312 0.385848 0.487856 0.471897
6.688978 0.394748 0.641841 0.459095
6.698645 0.403610 0.799542 0.460998
6.708311 0.412435 0.224243 0.429876
6.717977 0.421221 0.053824 0.446261
6.727643 0.429968 0.927557 0.476825
6.737309 0.438675 0.261195 0.435816
6.746975 0.447341 0.329860 0.470494
6.756642 0.455965 0.170541 0.470600
6.766308 0.464546 0.796695 0.517675
6.775974 0.473084 0.661735 0.528844
6.785640 0.481578 0.322531 0.525280
6.795306 0.490027 0.161053 0.552347
6.804972 0.498430 0.460114 0.567627
6.814638 0.506787 0.327628 0.556427
6.824305 0.515096 0.843948 0.571440
6.833971 0.523357 0.735354 0.580294
6.843637 0.531569 0.381860 0.598304
6.853303 0.539731 0.584151 0.588971
6.862969 0.547843 0.266417 0.591234
6.872635 0.555904 0.231813 0.626512
6.882302 0.563913 0.679898 0.636168
6.891968 0.571869 0.177097 0.618280
6.901634 0.579772 0.551954 0.644902
6.911300 0.587620 0.665092 0.652584
6.920966 0.595414 0.107377 0.668856
6.930632 0.603152 0.954771 0.713598
6.940298 0.610834 0.331971 0.727570
6.949965 0.618458 1.112049 0.763869
6.959631 0.626025 1.020065 0.757353
6.969297 0.633533 0.590457 0.760046
6.978963 0.640983 0.863875 0.778892
6.988629 0.648372 0.466649 0.755577
6.998295 0.655701 0.236117 0.772788
7.007962 0.662968 0.627887 0.823270
7.017628 0.670173 1.021029 0.814190
7.027294 0.677316 1.095557 0.794388
7.036960 0.684396 0.195199 0.776590
7.046626 0.691411 0.629413 0.783962
7.056292 0.698362 0.971976 0.795798
7.065958 0.705248 0.424920 0.779359
7.075625 0.712068 0.322148 0.812739
7.085291 0.718821 0.709529 0.836097
7.094957 0.725508 0.705594 0.863427
7.104623 0.732126 0.990541 0.875884
7.114289 0.738676 1.002219 0.880896
7.123955 0.745157 1.234201 0.892564
7.133622 0.751568 1.057959 0.892232
7.143288 0.757909 0.981717 0.866456
7.152954 0.764180 1.073927 0.859121
7.162620 0.770379 0.967391 0.841971
7.172286 0.776505 0.397572 0.847379
7.181952 0.782560 0.810866 0.861962
7.191618 0.788541 1.245754 0.844975
7.201285 0.794449 0.446278 0.850395
7.210951 0.800282 0.624999 0.853860
7.220617 0.806041 0.739587 0.867300
7.230283 0.811724 0.342639 0.883713
7.239949 0.817331 0.866146 0.901779
7.249615 0.822862 0.643185 0.900258
7.259282 0.828317 1.092531 0.895008
7.268948 0.833693 0.789304 0.902336
7.278614 0.838992 1.256134 0.920748
7.288280 0.844213 0.954736 0.895271
7.297946 0.849354 1.090771 0.870718
7.307612 0.854417 1.235578 0.868264
7.317278 0.859399 1.227559 0.871625
7.326945 0.864301 0.542438 0.845726
7.336611 0.869123 0.835018 0.874147
7.346277 0.873863 0.730929 0.891369
7.355943 0.878521 1.075564 0.927354
7.365609 0.883098 0.689229 0.924807
7.375275 0.887592 0.471121 0.959388
7.384942 0.892003 1.354160 0.988094
7.394608 0.896330 0.515566 0.952069
7.404274 0.900574 0.893814 0.999269
7.413940 0.904734 1.067840 0.998228
7.423606 0.908809 0.703954 0.976452
7.433272 0.912799 0.835725 0.991128
7.442938 0.916705 0.538199 0.984401
7.452605 0.920524 1.239091 0.990297
7.462271 0.924257 1.157525 0.970647
7.471937 0.927904 0.746609 0.962301
7.481603 0.931465 0.463662 0.995486
7.491269 0.934938 1.041707 1.033757
7.500935 0.938324 1.302791 1.044030
7.510602 0.941622 0.709575 1.041873
7.520268 0.944832 1.110868 1.064443
7.529934 0.947954 1.179453 1.050246
7.539600 0.950988 1.450622 1.029153
7.549266 0.953932 1.024628 0.989418
7.558932 0.956788 1.380858 0.990502
7.568598 0.959554 1.045235 0.957921
7.578265 0.962230 0.633653 0.973731
7.587931 0.964817 1.459568 1.005014
7.597597 0.967313 0.872996 0.993605
7.607263 0.969719 0.632322 0.986285
7.616929 0.972034 0.997472 1.021169
7.626595 0.974259 0.701195 1.012608
7.636262 0.976392 0.656116 1.039272
7.645928 0.978435 0.846091 1.076531
7.655594 0.980386 0.990594 1.084460
7.665260 0.982245 1.410313 1.063314
7.674926 0.984012 1.229091 1.053709
7.684592 0.985688 1.247155 1.061213
7.694258 0.987271 1.259664 1.032199
7.703925 0.988763 1.160963 1.002375
7.713591 0.990161 0.826933 0.997920
7.723257 0.991468 0.757589 1.016965
7.732923 0.992681 0.655925 1.005460
7.742589 0.993802 1.046309 1.043573
7.752255 0.994830 0.729243 1.019536
7.761922 0.995765 1.361423 1.034008
7.771588 0.996608 1.259326 1.034271
7.781254 0.997356 1.231388 1.044765
7.790920 0.998012 0.726596 1.051115
7.800586 0.998575 1.329991 1.046187
7.810252 0.999044 0.826263 1.022451
7.819918 0.999420 1.234458 1.028381
7.829585 0.999702 1.401311 1.023709
7.839251 0.999892 1.004668 1.015341
7.848917 0.999987 0.567677 1.019560
7.858583 0.999989 1.218212 1.040580
7.868249 0.999898 1.379167 1.014387
7.877915 0.999714 0.666863 1.013685
7.887582 0.999436 0.663198 1.048700
7.897248 0.999064 1.071866 1.042816
7.906914 0.998599 1.207819 1.046510
7.916580 0.998041 0.527492 1.048015
7.926246 0.997390 1.418195 1.058946
7.935912 0.996646 0.565556 1.029598
7.945578 0.995808 1.018682 1.061481
7.955245 0.994877 1.366700 1.069444
7.964911 0.993854 1.469195 1.071111
7.974577 0.992737 1.358395 1.066158
7.984243 0.991528 0.628037 1.030730
7.993909 0.990226 0.855258 1.062439
8.003575 0.988832 0.944870 1.085634
8.013242 0.987345 1.141021 1.089791
8.022908 0.985766 1.233958 1.076697
8.032574 0.984095 1.089033 1.056913
8.042240 0.982332 0.988084 1.071327
8.051906 0.980477 0.694351 1.068624
8.061572 0.978530 1.365124 1.071522
8.071238 0.976492 1.367175 1.057103
8.080905 0.974363 0.545502 1.053733
8.090571 0.972143 1.145748 1.061549
8.100237 0.969832 1.237922 1.032247
8.109903 0.967430 0.746125 1.030992
8.119569 0.964938 0.831222 1.021828
8.129235 0.962356 1.203224 1.023076
8.138902 0.959684 1.177937 1.031230
8.148568 0.956922 1.400036 1.004039
8.158234 0.954071 1.370145 0.971857
8.167900 0.951131 0.649837 0.946881
8.177566 0.948102 1.262214 0.940570
8.187232 0.944984 1.319156 0.900961
8.196898 0.941778 1.028008 0.857008
8.206565 0.938484 0.879141 0.841737
8.216231 0.935102 0.838282 0.829237
8.225897 0.931633 1.377310 0.829293
8.235563 0.928077 0.934013 0.811714
8.245229 0.924434 0.752325 0.783655
8.254895 0.920705 1.076731 0.781707
8.264562 0.916890 1.299790 0.748497
8.274228 0.912989 0.701816 0.719284
8.283894 0.909002 0.559703 0.737916
8.293560 0.904931 1.212817 0.756817
8.303226 0.900775 0.562859 0.718392
8.312892 0.896536 0.856175 0.741697
8.322558 0.892212 1.366302 0.744806
8.332225 0.887805 0.634120 0.705622
8.341891 0.883315 0.756404 0.720605
8.351557 0.878742 0.870609 0.730188
8.361223 0.874088 0.523629 0.712731
8.370889 0.869352 0.470032 0.716971
8.380555 0.864534 0.440098 0.746824
8.390222 0.859636 0.722592 0.785496
8.399888 0.854657 0.629141 0.762556
8.409554 0.849599 0.839390 0.759565
8.419220 0.844461 1.025726 0.747606
8.428886 0.839244 0.372845 0.736447
8.438552 0.833949 0.713355 0.766812
8.448218 0.828576 0.412532 0.789269
8.457885 0.823126 0.715533 0.785481
8.467551 0.817598 1.074457 0.805661
8.477217 0.811994 0.937715 0.777626
8.486883 0.806315 0.444319 0.740385
8.496549 0.800560 1.028976 0.736087
8.506215 0.794730 0.918345 0.731087
8.515882 0.788826 0.582628 0.737021
8.525548 0.782848 0.933777 0.719682
8.535214 0.776797 0.948052 0.681133
8.544880 0.770674 0.521475 0.662197
8.554546 0.764478 0.608422 0.663442
8.564212 0.758211 1.067105 0.671888
8.573878 0.751874 1.213543 0.636876
8.583545 0.745466 0.263777 0.599503
8.593211 0.738988 0.569320 0.608168
8.602877 0.732441 0.600220 0.585438
8.612543 0.725826 0.802535 0.561910
8.622209 0.719143 0.980153 0.546185
8.631875 0.712393 1.162495 0.525387
8.641542 0.705577 0.336776 0.507184
8.651208 0.698694 1.119132 0.538011
8.660874 0.691746 0.513747 0.490589
8.670540 0.684733 0.192912 0.499740
8.680206 0.677657 0.358357 0.534865
8.689872 0.670517 0.928963 0.567761
8.699538 0.663315 1.037029 0.538346
8.709205 0.656050 0.235856 0.524990
8.718871 0.648724 0.162794 0.556034
8.728537 0.641338 0.569330 0.582723
8.738203 0.633892 0.546380 0.562815
8.747869 0.626386 0.777346 0.577627
8.757535 0.618822 0.366846 0.552235
8.767202 0.611200 0.466100 0.555917
8.776868 0.603521 0.437058 0.542653
8.786534 0.595786 0.114738 0.529149
8.796200 0.587995 0.129653 0.537167
8.805866 0.580149 0.488029 0.562360
8.815532 0.572249 0.564207 0.555283
8.825198 0.564295 0.798418 0.540787
8.834865 0.556289 0.953320 0.497579
8.844531 0.548231 0.170701 0.481357
8.854197 0.540121 0.696757 0.494896
8.863863 0.531961 0.895421 0.484348
8.873529 0.523751 1.016274 0.455643
8.883195 0.515493 0.340667 0.434394
8.892862 0.507186 0.769905 0.433875
8.902528 0.498832 0.856738 0.433024
8.912194 0.490431 0.696568 0.421563
8.921860 0.481984 0.171168 0.402279
8.931526 0.473493 0.842629 0.396295
8.941192 0.464957 0.269501 0.365866
8.950858 0.456377 0.440492 0.355183
8.960525 0.447755 0.200815 0.365370
8.970191 0.439091 0.166973 0.362304
8.979857 0.430387 0.275093 0.379668
8.989523 0.421642 0.633516 0.355308
8.999189 0.412857 0.346495 0.360567
9.008855 0.404034 0.274285 0.372091
9.018522 0.395173 -0.065733 0.352019
9.028188 0.386276 0.628882 0.345523
9.037854 0.377342 0.441476 0.348876
9.047520 0.368373 0.485793 0.348227
9.057186 0.359369 0.321328 0.349301
9.066852 0.350332 0.591291 0.325239
9.076518 0.341262 0.330291 0.287249
9.086185 0.332161 0.752874 0.255118
9.095851 0.323028 0.627526 0.223334
9.105517 0.313865 0.310889 0.204731
9.115183 0.304673 0.051476 0.198495
9.124849 0.295452 0.234064 0.214316
9.134515 0.286204 0.055835 0.190468
9.144182 0.276929 0.644234 0.192918
9.153848 0.267628 0.139496 0.182972
9.163514 0.258302 0.514245 0.194427
9.173180 0.248952 -0.212106 0.186815
9.182846 0.239579 0.738694 0.206591
9.192512 0.230183 0.576980 0.165811
9.202178 0.220766 -0.127161 0.144381
9.211845 0.211328 -0.195652 0.143419
9.221511 0.201870 0.695950 0.169910
9.231177 0.192394 0.428500 0.123469
9.240843 0.182899 0.507265 0.088840
9.250509 0.173388 -0.159920 0.075113
9.260175 0.163860 -0.168502 0.072888
9.269842 0.154317 -0.312326 0.083321
9.279508 0.144760 0.117186 0.104428
9.289174 0.135189 0.255478 0.076783
9.298840 0.125605 0.186169 0.057590
9.308506 0.116010 0.367895 0.040022
9.318172 0.106404 -0.242896 -0.004426
9.327838 0.096788 0.104829 0.020782
9.337505 0.087163 0.445313 0.000806
9.347171 0.077529 0.368600 -0.017553
9.356837 0.067889 0.362011 -0.061241
9.366503 0.058242 0.183414 -0.100688
9.376169 0.048590 -0.076918 -0.137998
9.385835 0.038933 0.148387 -0.125084
9.395502 0.029272 -0.146408 -0.136194
9.405168 0.019609 0.334179 -0.144548
9.414834 0.009944 -0.232877 -0.184782
9.424500 0.000278 -0.264089 -0.163529
9.434166 -0.009388 0.232731 -0.158916
9.443832 -0.019053 -0.204407 -0.203401
9.453498 -0.028717 0.040148 -0.216291
9.463165 -0.038377 0.109805 -0.238067
9.472831 -0.048034 -0.435696 -0.256719
9.482497 -0.057687 -0.128383 -0.265906
9.492163 -0.067334 -0.165192 -0.253928
9.501829 -0.076975 -0.521065 -0.271473
9.511495 -0.086609 0.261256 -0.249417
9.521162 -0.096234 -0.294681 -0.257223
9.530828 -0.105851 0.078130 -0.267386
9.540494 -0.115458 -0.505164 -0.268208
9.550160 -0.125054 -0.426928 -0.282101
9.559826 -0.134638 -0.562797 -0.265806
9.569492 -0.144210 0.181377 -0.269306
9.579158 -0.153768 -0.073825 -0.305457
9.588825 -0.163312 -0.313478 -0.326984
9.598491 -0.172840 -0.470503 -0.312754
9.608157 -0.182353 0.192185 -0.282191
9.617823 -0.191848 -0.171843 -0.307374
9.627489 -0.201326 -0.656952 -0.335700
9.637155 -0.210785 -0.462211 -0.320009
9.646822 -0.220223 -0.395384 -0.308849
9.656488 -0.229642 -0.263228 -0.308781
9.666154 -0.239039 -0.619437 -0.323196
9.675820 -0.248413 0.111171 -0.333616
9.685486 -0.257765 -0.516089 -0.337582
9.695152 -0.267092 -0.079937 -0.314559
9.704818 -0.276395 0.105133 -0.314543
9.714485 -0.285671 -0.497943 -0.358316
9.724151 -0.294921 0.061703 -0.363412
9.733817 -0.304143 -0.783024 -0.411011
9.743483 -0.313337 -0.101035 -0.385878
9.753149 -0.322502 -0.632799 -0.409730
9.762815 -0.331636 -0.541649 -0.406559
9.772482 -0.340740 -0.504365 -0.385406
9.782148 -0.349811 -0.028863 -0.380731
9.791814 -0.358850 0.140753 -0.390344
9.801480 -0.367856 -0.311473 -0.409433
9.811146 -0.376827 -0.738364 -0.410003
9.820812 -0.385763 -0.343144 -0.383007
9.830478 -0.394662 -0.239003 -0.395607
9.840145 -0.403525 -0.394019 -0.393410
9.849811 -0.412351 -0.551530 -0.396748
9.859477 -0.421137 -0.827842 -0.377843
9.869143 -0.429885 0.031845 -0.356317
9.878809 -0.438592 -0.055630 -0.406596
9.888475 -0.447258 -0.079617 -0.428952
9.898142 -0.455883 -0.770330 -0.431620
9.907808 -0.464464 -0.599860 -0.423630
9.917474 -0.473003 -0.890267 -0.443876
9.927140 -0.481497 -0.280365 -0.426146
9.936806 -0.489946 -0.578069 -0.422351
9.946472 -0.498350 -0.569382 -0.402847
9.956138 -0.506707 -0.118588 -0.420476
9.965805 -0.515016 -0.410872 -0.448414
9.975471 -0.523278 -0.221129 -0.451725
9.985137 -0.531490 -0.241030 -0.492336
9.994803 -0.539653 -0.322865 -0.530294
10.004469 -0.547766 -0.198436 -0.546414
10.014135 -0.555827 -0.595150 -0.570032
10.023802 -0.563836 -0.195066 -0.583721
10.033468 -0.571793 -0.460782 -0.620219
10.043134 -0.579696 -0.173419 -0.613349
10.052800 -0.587545 -0.397339 -0.645217
10.062466 -0.595340 -0.973723 -0.679699
10.072132 -0.603078 -0.502749 -0.661761
10.081798 -0.610760 -0.132978 -0.695156
10.091465 -0.618386 -0.610527 -0.707361
10.101131 -0.625953 -1.004794 -0.735667
10.110797 -0.633462 -0.535665 -0.701169
10.120463 -0.640911 -0.204451 -0.715135
10.130129 -0.648301 -0.188006 -0.749765
10.139795 -0.655631 -0.921950 -0.781414
10.149462 -0.662899 -0.677349 -0.769308
10.159128 -0.670105 -0.477090 -0.769298
10.168794 -0.677248 -1.033353 -0.767941
10.178460 -0.684328 -1.000180 -0.779165
10.188126 -0.691344 -0.645277 -0.782566
10.197792 -0.698296 -0.670784 -0.798634
10.207458 -0.705182 -0.868930 -0.817743
10.217125 -0.712003 -0.925037 -0.824181
10.226791 -0.718757 -0.323374 -0.816031
10.236457 -0.725444 -0.810789 -0.844629
10.246123 -0.732063 -1.086978 -0.823891
10.255789 -0.738613 -0.614968 -0.794209
10.265455 -0.745095 -1.170630 -0.830167
10.275122 -0.751507 -0.377091 -0.794190
10.284788 -0.757849 -1.176639 -0.820128
10.294454 -0.764120 -0.314842 -0.803989
10.304120 -0.770319 -0.814983 -0.832270
10.313786 -0.776447 -0.897041 -0.820321
10.323452 -0.782502 -0.821001 -0.802271
10.333118 -0.788484 -0.679823 -0.821104
10.342785 -0.794392 -0.677156 -0.853930
10.352451 -0.800226 -0.449950 -0.874692
10.362117 -0.805986 -1.257828 -0.875409
10.371783 -0.811670 -1.068193 -0.849400
10.381449 -0.817278 -0.966651 -0.825763
10.391115 -0.822810 -1.052965 -0.838475
10.400782 -0.828265 -0.997688 -0.826479
10.410448 -0.833642 -0.762030 -0.836240
10.420114 -0.838942 -0.895325 -0.830661
10.429780 -0.844163 -0.396045 -0.837586
10.439446 -0.849305 -0.493322 -0.853499
10.449112 -0.854368 -1.334135 -0.859833
10.458778 -0.859352 -0.451090 -0.816803
10.468445 -0.864255 -0.895856 -0.828651
10.478111 -0.869077 -0.853863 -0.832668
10.487777 -0.873818 -0.880455 -0.852883
10.497443 -0.878477 -0.575993 -0.851680
10.507109 -0.883054 -0.536043 -0.861923
10.516775 -0.887549 -1.197663 -0.904640
10.526442 -0.891961 -1.336356 -0.868839
10.536108 -0.896289 -1.092386 -0.848393
10.545774 -0.900534 -0.464287 -0.827396
10.555440 -0.904694 -0.737651 -0.861145
10.565106 -0.908770 -0.595452 -0.896946
10.574772 -0.912762 -1.220892 -0.895464
10.584438 -0.916667 -0.813042 -0.890380
10.594105 -0.920488 -1.192911 -0.913303
10.603771 -0.924222 -0.650456 -0.882392
10.613437 -0.927870 -1.033815 -0.921405
10.623103 -0.931431 -0.714307 -0.922777
10.632769 -0.934905 -0.620000 -0.922779
10.642435 -0.938292 -0.473541 -0.957782
10.652102 -0.941591 -0.688058 -0.975317
10.661768 -0.944802 -0.976190 -0.986301
10.671434 -0.947925 -1.258161 -0.977111
10.681100 -0.950959 -0.856398 -0.942168
10.690766 -0.953905 -0.780849 -0.954734
10.700432 -0.956761 -1.390383 -0.973912
10.710098 -0.959528 -0.481654 -0.940412
10.719765 -0.962205 -0.927429 -0.963954
10.729431 -0.964792 -0.672440 -0.962015
10.739097 -0.967290 -1.139277 -0.965710
10.748763 -0.969696 -1.453674 -0.960729
10.758429 -0.972013 -0.565796 -0.913823
10.768095 -0.974238 -1.119216 -0.920461
10.777762 -0.976372 -1.271502 -0.905507
10.787428 -0.978416 -0.574701 -0.915267
10.797094 -0.980367 -1.430714 -0.934037
10.806760 -0.982227 -1.061255 -0.931481
10.816426 -0.983996 -0.714350 -0.904374
10.826092 -0.985672 -1.320048 -0.924782
10.835758 -0.987257 -0.824242 -0.900282
10.845425 -0.988749 -0.907737 -0.904006
10.855091 -0.990148 -0.792404 -0.927388
10.864757 -0.991456 -0.559298 -0.918348
10.874423 -0.992670 -1.107710 -0.952379
10.884089 -0.993792 -1.164406 -0.937430
10.893755 -0.994821 -0.720383 -0.919818
10.903422 -0.995757 -0.952497 -0.929767
10.913088 -0.996600 -0.888641 -0.930024
10.922754 -0.997350 -0.746350 -0.939295
10.932420 -0.998006 -1.039649 -0.929033
10.942086 -0.998570 -0.515569 -0.906862
10.951752 -0.999040 -0.698539 -0.919898
10.961418 -0.999417 -0.820136 -0.959024
10.971085 -0.999700 -1.466710 -0.978351
10.980751 -0.999890 -0.950099 -0.964941
10.990417 -0.999987 -1.379591 -0.970346
11.000083 -0.999990 -0.519125 -0.968895
11.009749 -0.999900 -1.122508 -0.999096
11.019415 -0.999716 -0.830048 -1.015610
11.029082 -0.999439 -0.898712 -1.029861
11.038748 -0.999068 -1.375377 -1.023540
11.048414 -0.998604 -0.611614 -1.027109
11.058080 -0.998047 -1.239922 -1.052253
11.067746 -0.997397 -0.808716 -1.015668
11.077412 -0.996653 -0.812184 -1.029196
11.087078 -0.995816 -0.919352 -1.019949
11.096745 -0.994887 -0.957639 -1.023392
11.106411 -0.993864 -1.074051 -1.018644
11.116077 -0.992748 -0.541120 -1.004004
11.125743 -0.991540 -0.596218 -1.001071
11.135409 -0.990239 -0.776289 -1.025213
11.145075 -0.988846 -1.481063 -1.050790
11.154742 -0.987360 -1.206681 -1.010538
11.164408 -0.985781 -1.198511 -0.987195
11.174074 -0.984111 -1.058195 -0.994425
11.183740 -0.982349 -1.350570 -0.991544
11.193406 -0.980495 -1.123154 -0.991868
11.203072 -0.978549 -1.452792 -1.005111
11.212738 -0.976512 -1.115051 -0.982833
11.222405 -0.974384 -0.772306 -0.989187
11.232071 -0.972165 -1.446743 -0.992392
11.241737 -0.969855 -1.114497 -0.954220
11.251403 -0.967454 -0.508227 -0.944740
11.261069 -0.964963 -1.079270 -0.973545
11.270735 -0.962381 -0.627242 -0.944664
11.280402 -0.959710 -0.988230 -0.971010
11.290068 -0.956949 -0.862662 -0.968526
11.299734 -0.954099 -0.781257 -0.986296
11.309400 -0.951160 -0.482472 -1.003511
11.319066 -0.948131 -1.079040 -1.001722
11.328732 -0.945014 -1.287844 -0.983598
11.338398 -0.941809 -0.676008 -0.985098
11.348065 -0.938516 -0.739825 -1.008651
11.357731 -0.935135 -1.343122 -0.989502
11.367397 -0.931667 -1.000562 -0.973998
11.377063 -0.928111 -1.357064 -0.977786
11.386729 -0.924469 -1.388000 -0.957077
11.396395 -0.920741 -1.007246 -0.932223
11.406062 -0.916926 -1.242116 -0.929882
11.415728 -0.913026 -0.836410 -0.892903
11.425394 -0.909041 -0.683311 -0.916469
11.435060 -0.904971 -0.924884 -0.917290
11.444726 -0.900816 -1.084339 -0.918163
11.454392 -0.896577 -0.501652 -0.892831
11.464058 -0.892254 -1.154148 -0.910859
11.473725 -0.887848 -0.938554 -0.889618
11.483391 -0.883358 -1.218070 -0.903515
11.493057 -0.878787 -1.125544 -0.885699
11.502723 -0.874133 -0.446706 -0.859811
11.512389 -0.869397 -0.716545 -0.859089
11.522055 -0.864581 -1.317857 -0.851047
11.531722 -0.859683 -1.147061 -0.842414
11.541388 -0.854705 -0.356842 -0.802373
11.551054 -0.849648 -1.033049 -0.803694
11.560720 -0.844511 -1.076314 -0.791847
11.570386 -0.839295 -0.942890 -0.775015
11.580052 -0.834000 -0.890932 -0.787053
11.589718 -0.828628 -0.960422 -0.774644
11.599385 -0.823178 -0.502535 -0.782687
11.609051 -0.817652 -1.307733 -0.782582
11.618717 -0.812048 -0.699725 -0.759033
11.628383 -0.806370 -0.942345 -0.759666
11.638049 -0.800615 -0.577693 -0.741084
11.647715 -0.794786 -0.862217 -0.720987
11.657382 -0.788883 -0.729326 -0.725930
11.667048 -0.782906 -1.216498 -0.710766
11.676714 -0.776856 -0.861743 -0.687047
11.686380 -0.770733 -0.607779 -0.652734
11.696046 -0.764538 -0.432268 -0.633301
11.705712 -0.758272 -0.555705 -0.642698
11.715378 -0.751935 -1.145212 -0.622672
11.725045 -0.745528 -0.346239 -0.583109
11.734711 -0.739051 -0.383251 -0.581177
11.744377 -0.732505 -0.796120 -0.608366
11.754043 -0.725890 -0.739669 -0.580913
11.763709 -0.719208 -1.183654 -0.588914
11.773375 -0.712458 -0.642739 -0.562851
11.783042 -0.705642 -1.121289 -0.557446
11.792708 -0.698760 -0.500436 -0.524711
11.802374 -0.691813 -0.836761 -0.546030
11.812040 -0.684801 -0.712374 -0.507191
11.821706 -0.677725 -0.570712 -0.484467
11.831372 -0.670586 -0.175744 -0.477799
11.841038 -0.663384 -0.961077 -0.512067
11.850705 -0.656120 -0.426056 -0.505718
11.860371 -0.648795 -0.742105 -0.522579
11.870037 -0.641409 -0.175498 -0.518362
11.879703 -0.633964 -0.219110 -0.520323
11.889369 -0.626459 -0.620218 -0.555688
11.899035 -0.618895 -0.155182 -0.539266
11.908702 -0.611274 -0.353957 -0.566860
11.918368 -0.603595 -0.307581 -0.591338
11.928034 -0.595861 -0.927032 -0.600458
11.937700 -0.588070 -0.247071 -0.590306
11.947366 -0.580225 -0.899677 -0.599242
11.957032 -0.572325 -0.662400 -0.568270
11.966698 -0.564372 -0.534632 -0.548346
11.976365 -0.556366 -0.466596 -0.538127
11.986031 -0.548308 -0.926814 -0.516781
11.995697 -0.540199 -0.059975 -0.482339
12.005363 -0.532040 -0.257907 -0.501283
12.015029 -0.523830 -0.437356 -0.490906
12.024695 -0.515572 -0.861087 -0.503826
12.034362 -0.507266 -0.834104 -0.454628
12.044028 -0.498912 -0.763279 -0.424457
12.053694 -0.490512 -0.657768 -0.418619
12.063360 -0.482065 -0.214708 -0.404683
12.073026 -0.473574 -0.926423 -0.390430
12.082692 -0.465039 -0.291770 -0.338240
12.092358 -0.456460 -0.707062 -0.352264
12.102025 -0.447838 -0.843526 -0.350873
12.111691 -0.439175 -0.489973 -0.322436
12.121357 -0.430470 -0.723982 -0.313607
12.131023 -0.421726 -0.425800 -0.272571
12.140689 -0.412941 -0.280232 -0.270049
12.150355 -0.404119 -0.263932 -0.259007
12.160022 -0.395258 -0.330239 -0.252355
12.169688 -0.386361 -0.039686 -0.244396
12.179354 -0.377428 -0.237973 -0.257807
12.189020 -0.368459 -0.438850 -0.243769
12.198686 -0.359456 -0.050379 -0.233307
12.208352 -0.350419 -0.695751 -0.253078
12.218018 -0.341349 0.122883 -0.243612
12.227685 -0.332248 -0.230698 -0.232777
12.237351 -0.323116 -0.646505 -0.205790
12.247017 -0.313953 -0.379064 -0.198980
12.256683 -0.304761 0.070357 -0.182133
12.266349 -0.295541 0.117390 -0.195523
12.276015 -0.286293 -0.572266 -0.211646
12.285682 -0.277018 -0.679237 -0.206524
12.295348 -0.267717 -0.274782 -0.201241
12.305014 -0.258391 -0.313401 -0.196021
12.314680 -0.249042 0.096748 -0.166980
12.324346 -0.239669 -0.375369 -0.153872
12.334012 -0.230273 -0.059385 -0.137833
12.343678 -0.220856 -0.130903 -0.160198
12.353345 -0.211418 -0.171058 -0.134949
12.363011 -0.201961 -0.307906 -0.129620
12.372677 -0.192485 0.042798 -0.092872
12.382343 -0.182991 -0.229608 -0.095012
12.392009 -0.173479 -0.445811 -0.083531
12.401675 -0.163952 -0.506415 -0.061241
12.411342 -0.154409 0.339579 -0.035920
12.421008 -0.144852 0.309035 -0.052899
12.430674 -0.135281 -0.510307 -0.068351
12.440340 -0.125697 -0.042122 -0.042835
12.450006 -0.116102 -0.197449 -0.040729
12.459672 -0.106496 -0.205055 -0.030857
12.469338 -0.096880 -0.469831 -0.020604
12.479005 -0.087255 -0.573583 0.002888
12.488671 -0.077622 -0.170383 0.031567
12.498337 -0.067981 0.267432 0.040086
12.508003 -0.058334 0.358899 0.026714
12.517669 -0.048682 -0.054587 0.008769
12.527335 -0.039025 -0.506676 0.011499
12.537002 -0.029365 0.374075 0.036833
12.546668 -0.019702 -0.064488 0.018129
12.556334 -0.010037 0.427065 0.021353
