0.000000 0.000000 -0.118580 0.202696
0.009666 0.009666 0.314775 0.205795
0.019332 0.019331 -0.462266 0.202440
0.028998 0.028994 0.127645 0.214233
0.038665 0.038655 0.215952 0.228722
0.048331 0.048312 -0.408138 0.242751
0.057997 0.057964 0.015834 0.257607
0.067663 0.067611 -0.216379 0.263028
0.077329 0.077252 0.394202 0.281805
0.086995 0.086886 -0.160329 0.291099
0.096662 0.096511 -0.268475 0.298120
0.106328 0.106127 0.307809 0.319201
0.115994 0.115734 0.129391 0.329265
0.125660 0.125330 0.211773 0.338321
0.135326 0.134913 -0.156584 0.352307
0.144992 0.144485 -0.134622 0.364562
0.154658 0.154043 0.502274 0.384420
0.164325 0.163586 0.235717 0.387357
0.173991 0.173114 -0.041538 0.401822
0.183657 0.182626 0.565466 0.421881
0.193323 0.192121 -0.105236 0.414897
0.202989 0.201598 0.136945 0.426650
0.212655 0.211056 -0.214570 0.446486
0.222322 0.220495 0.625674 0.455370
0.231988 0.229912 0.121129 0.456185
0.241654 0.239309 0.570724 0.464506
0.251320 0.248683 0.563832 0.476235
0.260986 0.258033 0.210592 0.469844
0.270652 0.267360 0.537312 0.489170
0.280318 0.276662 0.418741 0.491489
0.289985 0.285937 0.299259 0.498925
0.299651 0.295187 -0.149453 0.502292
0.309317 0.304408 0.410200 0.520397
0.318983 0.313601 0.806277 0.534611
0.328649 0.322765 0.336880 0.532751
0.338315 0.331898 -0.153697 0.539624
0.347982 0.341001 0.328015 0.563829
0.357648 0.350072 -0.003653 0.567073
0.367314 0.359110 0.303856 0.592024
0.376980 0.368114 0.566652 0.596352
0.386646 0.377084 -0.067280 0.602833
0.396312 0.386019 0.317154 0.617313
0.405978 0.394918 -0.047768 0.635054
0.415645 0.403780 0.044592 0.645923
0.425311 0.412604 0.756227 0.651155
0.434977 0.421389 0.778838 0.661082
0.444643 0.430136 -0.066385 0.662901
0.454309 0.438842 0.778986 0.679489
0.463975 0.447507 0.441083 0.671617
0.473642 0.456130 0.535951 0.680325
0.483308 0.464711 0.036368 0.677724
0.492974 0.473248 0.147020 0.685843
0.502640 0.481741 0.127375 0.691317
0.512306 0.490189 0.852092 0.712618
0.521972 0.498591 0.917412 0.709496
0.531639 0.506946 0.334685 0.706274
0.541305 0.515255 0.286869 0.712051
0.550971 0.523515 0.722450 0.714885
0.560637 0.531726 0.858930 0.719829
0.570303 0.539887 0.190710 0.718102
0.579969 0.547998 0.785600 0.734718
0.589635 0.556058 0.810964 0.745177
0.599302 0.564066 0.582240 0.751657
0.608968 0.572021 0.911036 0.760631
0.618634 0.579923 0.456185 0.756470
0.628300 0.587770 0.858271 0.766237
0.637966 0.595563 0.649108 0.773523
0.647632 0.603300 0.958978 0.777264
0.657299 0.610980 0.961409 0.779334
0.666965 0.618604 0.216294 0.774617
0.676631 0.626170 0.482382 0.787239
0.686297 0.633677 1.128763 0.787559
0.695963 0.641125 0.229629 0.789082
0.705629 0.648513 0.666443 0.799095
0.715295 0.655840 0.537169 0.807639
0.724962 0.663107 1.157156 0.822944
0.734628 0.670311 0.244288 0.823069
0.744294 0.677453 1.176903 0.832131
0.753960 0.684531 0.653265 0.823203
0.763626 0.691545 0.790502 0.819852
0.773292 0.698495 0.467607 0.825819
0.782959 0.705380 0.755811 0.838122
0.792625 0.712198 1.120887 0.846287
0.802291 0.718950 0.713289 0.844042
0.811957 0.725635 0.680544 0.851092
0.821623 0.732252 1.056557 0.862213
0.831289 0.738801 0.490212 0.861709
0.840955 0.745281 1.243877 0.879822
0.850622 0.751691 0.520284 0.869178
0.860288 0.758030 0.890709 0.883391
0.869954 0.764299 0.656706 0.882450
0.879620 0.770497 1.204211 0.897960
0.889286 0.776622 0.495684 0.898188
0.898952 0.782675 0.306175 0.915636
0.908619 0.788655 1.252582 0.921209
0.918285 0.794561 0.869805 0.916012
0.927951 0.800393 0.763023 0.918068
0.937617 0.806150 0.385376 0.920861
0.947283 0.811832 0.876486 0.926573
0.956949 0.817438 0.405881 0.924815
0.966615 0.822968 0.442295 0.946100
0.976282 0.828420 0.420769 0.957411
0.985948 0.833796 1.192403 0.972544
0.995614 0.839093 0.696007 0.974922
1.005280 0.844312 0.756281 0.972651
1.014946 0.849452 0.623539 0.967844
1.024612 0.854513 0.428581 0.970168
1.034279 0.859494 0.969650 0.976672
1.043945 0.864394 0.772579 0.975877
1.053611 0.869214 1.021486 0.989770
1.063277 0.873953 1.308582 0.990042
1.072943 0.878610 1.134950 0.987730
1.082609 0.883185 1.030940 0.994196
1.092275 0.887677 0.702964 0.993481
1.101942 0.892086 0.944563 1.004403
1.111608 0.896412 1.222579 1.001752
1.121274 0.900655 0.836123 0.995217
1.130940 0.904813 1.062517 0.990128
1.140606 0.908886 0.725547 0.997609
1.150272 0.912875 0.847367 1.012011
1.159938 0.916779 0.498385 1.019921
1.169605 0.920596 1.204922 1.034205
1.179271 0.924328 0.730307 1.033698
1.188937 0.927973 1.093613 1.043661
1.198603 0.931532 1.302439 1.040814
1.208269 0.935004 1.163389 1.044055
1.217935 0.938388 0.697398 1.049826
1.227602 0.941684 0.730512 1.048452
1.237268 0.944893 0.485727 1.052827
1.246934 0.948013 1.088841 1.064210
1.256600 0.951045 1.082748 1.064313
1.266266 0.953988 1.164062 1.055598
1.275932 0.956842 1.008647 1.055693
1.285599 0.959606 1.065765 1.053239
1.295265 0.962281 1.236627 1.048038
1.304931 0.964865 1.031319 1.052575
1.314597 0.967360 1.395886 1.046555
1.324263 0.969764 0.711654 1.040926
1.333929 0.972078 1.230951 1.047956
1.343595 0.974301 0.843636 1.049587
1.353262 0.976433 1.432242 1.061568
1.362928 0.978473 1.215617 1.058468
1.372594 0.980422 1.368053 1.051458
1.382260 0.982280 0.584852 1.041456
1.391926 0.984045 0.992697 1.045225
1.401592 0.985719 0.972611 1.045486
1.411258 0.987301 0.902688 1.040362
1.420925 0.988790 0.670986 1.040686
1.430591 0.990187 0.788597 1.046177
1.440257 0.991492 1.470129 1.057585
1.449923 0.992704 1.007826 1.043249
1.459589 0.993823 1.177438 1.035445
1.469255 0.994849 1.311280 1.038281
1.478922 0.995782 0.582455 1.038194
1.488588 0.996623 0.515941 1.054904
1.498254 0.997370 0.739748 1.066218
1.507920 0.998024 0.753769 1.065633
1.517586 0.998585 0.929903 1.078472
1.527252 0.999052 1.467252 1.071632
1.536919 0.999426 1.035057 1.054884
1.546585 0.999707 1.192965 1.050334
1.556251 0.999894 1.458297 1.048991
1.565917 0.999988 0.995151 1.031167
1.575583 0.999989 1.249096 1.019970
1.585249 0.999896 0.812008 1.021753
1.594915 0.999709 0.895839 1.026997
1.604582 0.999429 0.581646 1.025961
1.614248 0.999056 1.436554 1.031821
1.623914 0.998590 1.445640 1.026005
1.633580 0.998030 1.242895 1.022929
1.643246 0.997377 1.212578 1.018556
1.652912 0.996630 1.179574 1.001433
1.662578 0.995791 1.228479 0.994421
1.672245 0.994859 0.951232 0.990009
1.681911 0.993833 1.464505 0.987836
1.691577 0.992715 1.451942 0.976734
1.701243 0.991504 0.628685 0.969767
1.710909 0.990200 0.949260 0.980633
1.720575 0.988804 1.054892 0.974883
1.730242 0.987316 1.093993 0.960005
1.739908 0.985735 0.646964 0.948918
1.749574 0.984062 1.168806 0.953286
1.759240 0.982297 0.885996 0.937184
1.768906 0.980440 0.805707 0.940250
1.778572 0.978492 1.463446 0.940796
1.788239 0.976452 0.730336 0.933778
1.797905 0.974322 1.114447 0.939963
1.807571 0.972100 1.063121 0.934218
1.817237 0.969787 1.312495 0.918268
1.826903 0.967384 1.442694 0.914510
1.836569 0.964890 1.277262 0.893354
1.846235 0.962306 0.865089 0.889857
1.855902 0.959632 0.867970 0.882800
1.865568 0.956869 0.773284 0.875548
1.875234 0.954016 1.005790 0.884204
1.884900 0.951074 0.716402 0.885946
1.894566 0.948043 0.918882 0.880581
1.904232 0.944923 0.945549 0.871236
1.913898 0.941716 1.359010 0.871213
1.923565 0.938420 0.753310 0.861628
1.933231 0.935036 0.617629 0.868879
1.942897 0.931566 1.319227 0.866108
1.952563 0.928008 1.306910 0.852202
1.962229 0.924363 1.417985 0.829636
1.971895 0.920632 1.081633 0.811396
1.981562 0.916816 0.710495 0.803853
1.991228 0.912913 1.395700 0.792231
2.000894 0.908925 0.587916 0.766929
2.010560 0.904852 0.629865 0.761346
2.020226 0.900695 0.807568 0.753067
2.029892 0.896453 1.125815 0.741329
2.039558 0.892128 0.567091 0.736510
2.049225 0.887720 0.435298 0.731023
2.058891 0.883228 1.338244 0.733561
2.068557 0.878654 1.074201 0.710583
2.078223 0.873998 0.844044 0.694151
2.087889 0.869260 0.874646 0.686593
2.097555 0.864441 1.145745 0.686955
2.107222 0.859541 1.291821 0.675334
2.116888 0.854561 1.024259 0.653800
2.126554 0.849501 0.356429 0.646886
2.136220 0.844362 0.828996 0.655333
2.145886 0.839143 1.007865 0.654238
2.155552 0.833847 0.842590 0.645415
2.165219 0.828472 0.909392 0.644915
2.174885 0.823020 1.103592 0.631681
2.184551 0.817491 1.171979 0.612928
2.194217 0.811886 0.661750 0.598951
2.203883 0.806205 0.310997 0.590868
2.213549 0.800449 0.539653 0.585882
2.223215 0.794617 0.865375 0.581046
2.232882 0.788712 0.363696 0.568291
2.242548 0.782733 1.039287 0.575359
2.252214 0.776681 0.833003 0.570001
2.261880 0.770556 1.112561 0.551373
2.271546 0.764359 1.039590 0.528836
2.281212 0.758091 0.827169 0.511640
2.290879 0.751752 0.265637 0.506623
2.300545 0.745342 1.124611 0.509832
2.310211 0.738863 0.384894 0.502519
2.319877 0.732315 1.102398 0.495565
2.329543 0.725699 0.512268 0.483986
2.339209 0.719015 0.505339 0.485084
2.348876 0.712263 1.206098 0.483989
2.358542 0.705445 1.092893 0.462022
2.368208 0.698561 0.448172 0.441654
2.377874 0.691612 0.451599 0.446495
2.387540 0.684598 0.944387 0.441723
2.397206 0.677521 0.879752 0.436612
2.406872 0.670380 1.115904 0.430496
2.416538 0.663176 0.479073 0.419213
2.426205 0.655910 0.623912 0.407805
2.435871 0.648583 0.178583 0.401308
2.445537 0.641196 0.506014 0.410708
2.455203 0.633748 0.704475 0.405092
2.464869 0.626242 0.129385 0.390128
2.474535 0.618677 0.130609 0.392849
2.484202 0.611054 0.308783 0.391632
2.493868 0.603374 0.215926 0.398242
2.503534 0.595637 0.220641 0.400767
2.513200 0.587845 0.884897 0.392617
2.522866 0.579998 0.292712 0.377123
2.532532 0.572097 0.562224 0.383926
2.542199 0.564142 0.189329 0.374275
2.551865 0.556135 0.252613 0.366746
2.561531 0.548076 0.466118 0.360211
2.571197 0.539965 0.892774 0.349573
2.580863 0.531804 0.564688 0.329652
2.590529 0.523593 0.215128 0.315226
2.600195 0.515334 0.678562 0.310812
2.609862 0.507026 0.778748 0.296645
2.619528 0.498671 0.774238 0.289737
2.629194 0.490269 0.566733 0.268730
2.638860 0.481822 0.817602 0.260235
2.648526 0.473329 0.247691 0.242123
2.658192 0.464793 0.165909 0.231761
2.667859 0.456212 0.473135 0.231927
2.677525 0.447590 0.257627 0.226232
2.687191 0.438925 0.061670 0.218336
2.696857 0.430219 0.297845 0.222842
2.706523 0.421473 0.227666 0.212034
2.716189 0.412688 0.717095 0.202353
2.725856 0.403864 0.771353 0.179916
2.735522 0.395003 -0.098405 0.154127
2.745188 0.386104 -0.014283 0.151350
2.754854 0.377170 0.179792 0.155342
2.764520 0.368200 0.576321 0.146606
2.774186 0.359196 0.426108 0.127382
2.783852 0.350158 0.758969 0.122526
2.793519 0.341088 0.037200 0.114327
2.803185 0.331986 0.523444 0.110670
2.812851 0.322852 0.567168 0.087729
2.822517 0.313689 0.450580 0.065314
2.832183 0.304496 0.107728 0.055570
2.841849 0.295275 0.074489 0.057677
2.851516 0.286026 0.690259 0.056329
2.861182 0.276751 0.212982 0.043561
2.870848 0.267449 0.688834 0.026498
2.880514 0.258123 0.573974 0.009385
2.890180 0.248772 0.551745 -0.003288
2.899846 0.239399 -0.091315 -0.018831
2.909513 0.230002 0.299020 -0.027212
2.919178 0.220585 0.648592 -0.042517
2.928845 0.211147 0.225231 -0.051445
2.938511 0.201689 -0.043726 -0.064186
2.948177 0.192212 0.265411 -0.067746
2.957843 0.182717 0.069753 -0.083053
2.967509 0.173205 0.639330 -0.097395
2.977175 0.163677 0.342165 -0.110871
2.986842 0.154134 -0.186895 -0.120730
2.996508 0.144576 0.110228 -0.132247
3.006174 0.135005 0.632869 -0.149453
3.015840 0.125421 0.079659 -0.167871
3.025506 0.115826 -0.187116 -0.176504
3.035172 0.106219 -0.074130 -0.186297
3.044839 0.096603 -0.065801 -0.196470
3.054505 0.086978 -0.103259 -0.195377
3.064171 0.077344 -0.156626 -0.193342
3.073837 0.067704 -0.005556 -0.192894
3.083503 0.058057 -0.029791 -0.206877
3.093169 0.048404 0.433319 -0.212645
3.102835 0.038747 -0.276097 -0.238896
3.112502 0.029087 0.141990 -0.251935
3.122168 0.019424 -0.088017 -0.271573
3.131834 0.009759 -0.270386 -0.274372
3.141500 0.000093 0.174185 -0.286071
3.151166 -0.009573 0.188415 -0.292862
3.160832 -0.019239 -0.137177 -0.296860
3.170499 -0.028902 0.286980 -0.296820
3.180165 -0.038563 -0.242594 -0.319607
3.189831 -0.048220 -0.256340 -0.319909
3.199497 -0.057872 -0.404761 -0.333741
3.209163 -0.067519 -0.518110 -0.334987
3.218829 -0.077160 -0.237245 -0.329633
3.228496 -0.086793 0.185294 -0.336479
3.238162 -0.096419 -0.256992 -0.349774
3.247828 -0.106035 -0.384898 -0.352012
3.257494 -0.115642 0.183333 -0.348401
3.267160 -0.125238 0.349005 -0.359916
3.276826 -0.134822 -0.145641 -0.369761
3.286492 -0.144393 -0.623610 -0.382118
3.296159 -0.153951 -0.553576 -0.386482
3.305825 -0.163495 -0.036645 -0.377913
3.315491 -0.173023 0.213112 -0.391516
3.325157 -0.182535 0.007061 -0.408309
3.334823 -0.192030 0.051858 -0.424672
3.344489 -0.201507 -0.640165 -0.437822
3.354156 -0.210966 -0.166790 -0.442960
3.363822 -0.220404 -0.059679 -0.456088
3.373488 -0.229822 -0.225443 -0.477835
3.383154 -0.239219 -0.510330 -0.480083
3.392820 -0.248593 -0.466236 -0.486791
3.402486 -0.257944 0.202168 -0.484434
3.412153 -0.267271 -0.411791 -0.506968
3.421818 -0.276573 -0.221716 -0.507067
3.431485 -0.285849 -0.499982 -0.518988
3.441151 -0.295098 -0.647328 -0.515303
3.450817 -0.304320 -0.034460 -0.515704
3.460483 -0.313513 -0.150804 -0.538552
3.470149 -0.322677 -0.762739 -0.547389
3.479815 -0.331811 -0.750083 -0.542893
3.489482 -0.340914 -0.288010 -0.547531
3.499148 -0.349985 -0.351984 -0.565078
3.508814 -0.359023 -0.676797 -0.576599
3.518480 -0.368028 -0.582741 -0.583914
3.528146 -0.376999 -0.011158 -0.579945
3.537812 -0.385934 -0.001538 -0.590459
3.547479 -0.394833 -0.134220 -0.605476
3.557145 -0.403695 -0.704714 -0.610143
3.566811 -0.412520 -0.318172 -0.611829
3.576477 -0.421306 -0.879251 -0.614675
3.586143 -0.430052 -0.928007 -0.603441
3.595809 -0.438759 -0.839940 -0.604473
3.605475 -0.447424 -0.227950 -0.600270
3.615142 -0.456048 -0.855337 -0.608408
3.624808 -0.464629 -0.165379 -0.611872
3.634474 -0.473166 -0.011497 -0.621746
3.644140 -0.481660 -0.135168 -0.643086
3.653806 -0.490108 -0.852378 -0.650477
3.663472 -0.498511 -0.257674 -0.656830
3.673139 -0.506867 -0.947966 -0.675592
3.682805 -0.515175 -0.467032 -0.683300
3.692471 -0.523436 -0.250432 -0.699391
3.702137 -0.531647 -0.579546 -0.719343
3.711803 -0.539809 -0.479428 -0.732532
3.721469 -0.547921 -0.368884 -0.731823
3.731136 -0.555981 -0.204362 -0.750319
3.740802 -0.563989 -0.392430 -0.769544
3.750468 -0.571945 -0.143236 -0.774603
3.760134 -0.579847 -0.763492 -0.784585
3.769800 -0.587695 -0.841808 -0.788683
3.779466 -0.595489 -0.125153 -0.790870
3.789132 -0.603226 -0.716770 -0.811748
3.798799 -0.610907 -0.626548 -0.810379
3.808465 -0.618531 -0.811057 -0.811650
3.818131 -0.626098 -0.605665 -0.820597
3.827797 -0.633605 -0.897087 -0.825213
3.837463 -0.641054 -0.823173 -0.825643
3.847129 -0.648443 -1.147039 -0.828760
3.856796 -0.655771 -0.337813 -0.832946
3.866462 -0.663037 -0.845767 -0.843224
3.876128 -0.670242 -0.348348 -0.852458
3.885794 -0.677384 -0.924539 -0.872949
3.895460 -0.684463 -0.416770 -0.871030
3.905126 -0.691478 -0.817749 -0.890168
3.914793 -0.698429 -0.315711 -0.895994
3.924459 -0.705314 -0.667395 -0.913206
3.934125 -0.712133 -1.176854 -0.913857
3.943791 -0.718886 -0.592677 -0.910535
3.953457 -0.725571 -0.537898 -0.917655
3.963123 -0.732189 -0.981998 -0.920127
3.972789 -0.738738 -1.165372 -0.924686
3.982455 -0.745219 -0.928040 -0.928901
3.992122 -0.751629 -1.042547 -0.920188
4.001788 -0.757970 -0.384255 -0.915612
4.011454 -0.764239 -0.536861 -0.926951
4.021120 -0.770438 -0.752417 -0.927144
4.030787 -0.776564 -0.367540 -0.940985
4.040452 -0.782618 -0.789042 -0.957941
4.050118 -0.788598 -0.460448 -0.954002
4.059785 -0.794505 -0.317547 -0.960202
4.069451 -0.800338 -0.979619 -0.969845
4.079117 -0.806096 -0.629805 -0.973500
4.088783 -0.811778 -0.634847 -0.978943
4.098449 -0.817385 -1.028527 -0.991578
4.108116 -0.822915 -0.659077 -0.987429
4.117782 -0.828369 -1.078514 -0.986397
4.127448 -0.833745 -0.504709 -0.990784
4.137114 -0.839043 -1.170031 -1.009869
4.146780 -0.844262 -1.195790 -1.000682
4.156446 -0.849403 -1.333351 -0.997214
4.166112 -0.854465 -1.271577 -0.983178
4.175778 -0.859446 -1.248054 -0.987566
4.185445 -0.864348 -1.238978 -0.991448
4.195111 -0.869168 -0.443969 -0.982157
4.204777 -0.873908 -1.293705 -1.001990
4.214443 -0.878566 -1.165607 -1.003361
4.224109 -0.883141 -0.645387 -0.994546
4.233776 -0.887634 -0.642342 -1.003839
4.243442 -0.892045 -0.968387 -1.017928
4.253108 -0.896371 -0.951167 -1.009218
4.262774 -0.900615 -1.169040 -1.001534
4.272440 -0.904773 -0.648311 -1.004954
4.282106 -0.908848 -0.690106 -1.010520
4.291772 -0.912837 -1.258414 -1.023468
4.301439 -0.916742 -0.836463 -1.026448
4.311105 -0.920560 -0.918561 -1.036103
4.320771 -0.924293 -0.979028 -1.029662
4.330437 -0.927939 -1.356373 -1.031164
4.340103 -0.931498 -0.851708 -1.029727
4.349770 -0.934971 -1.307434 -1.028990
4.359436 -0.938356 -1.372894 -1.020990
4.369102 -0.941653 -0.828597 -1.012954
4.378768 -0.944863 -1.373663 -1.016597
4.388434 -0.947984 -1.109045 -1.006281
4.398100 -0.951016 -1.176319 -1.001336
4.407766 -0.953960 -0.699970 -1.003718
4.417432 -0.956815 -1.010756 -1.006158
4.427099 -0.959580 -0.948639 -0.999343
4.436765 -0.962255 -0.661511 -0.990514
4.446431 -0.964841 -1.209981 -1.002224
4.456097 -0.967337 -1.376086 -1.007426
4.465763 -0.969742 -0.492386 -1.005114
4.475430 -0.972056 -0.813741 -1.005675
4.485096 -0.974280 -0.951223 -1.013040
4.494761 -0.976412 -0.546513 -1.018574
4.504428 -0.978454 -1.444487 -1.033385
4.514094 -0.980404 -1.215320 -1.024495
4.523760 -0.982262 -0.592098 -1.021977
4.533426 -0.984029 -0.770445 -1.025628
4.543092 -0.985704 -0.799708 -1.035700
4.552759 -0.987286 -1.162356 -1.043446
4.562425 -0.988776 -0.901967 -1.046281
4.572091 -0.990174 -1.266565 -1.056870
4.581757 -0.991480 -0.821110 -1.047171
4.591423 -0.992693 -0.607473 -1.057390
4.601089 -0.993813 -1.297853 -1.060858
4.610755 -0.994840 -1.458950 -1.049186
4.620422 -0.995774 -0.710685 -1.032410
4.630088 -0.996615 -1.022419 -1.026749
4.639754 -0.997363 -0.631553 -1.021747
4.649420 -0.998018 -1.490968 -1.022623
4.659086 -0.998580 -1.442151 -1.006863
4.668753 -0.999048 -0.774417 -0.998508
4.678419 -0.999423 -1.435609 -1.008124
4.688085 -0.999705 -1.362280 -0.999402
4.697751 -0.999893 -0.724814 -0.984791
4.707417 -0.999988 -1.110083 -0.987296
4.717083 -0.999989 -1.346786 -0.984057
4.726749 -0.999897 -0.532857 -0.983625
4.736415 -0.999711 -0.566974 -0.985126
4.746082 -0.999432 -1.340065 -0.982787
4.755748 -0.999060 -0.926594 -0.981294
4.765414 -0.998595 -1.337487 -0.977939
4.775080 -0.998036 -1.407457 -0.966478
4.784746 -0.997383 -1.319186 -0.949689
4.794413 -0.996638 -0.596525 -0.944294
4.804079 -0.995799 -1.054105 -0.953407
4.813745 -0.994868 -1.284565 -0.942533
4.823411 -0.993843 -0.814807 -0.926561
4.833077 -0.992726 -0.907442 -0.918802
4.842743 -0.991516 -0.971084 -0.908832
4.852409 -0.990213 -1.010767 -0.909087
4.862075 -0.988818 -0.857878 -0.909700
4.871742 -0.987330 -0.861792 -0.905161
4.881408 -0.985750 -1.295437 -0.895776
4.891074 -0.984078 -0.821949 -0.893975
4.900740 -0.982314 -0.670003 -0.888361
4.910406 -0.980459 -0.507193 -0.897658
4.920073 -0.978511 -1.246998 -0.905539
4.929739 -0.976472 -1.470094 -0.901135
4.939405 -0.974342 -1.260499 -0.877556
4.949071 -0.972121 -0.520402 -0.871135
4.958737 -0.969809 -1.182020 -0.874340
4.968403 -0.967407 -1.227898 -0.860066
4.978069 -0.964914 -1.287083 -0.854681
4.987736 -0.962331 -0.999976 -0.836103
4.997402 -0.959658 -1.089408 -0.822954
5.007068 -0.956895 -0.774685 -0.811931
5.016734 -0.954043 -1.274045 -0.806216
5.026400 -0.951102 -1.186995 -0.803634
5.036067 -0.948072 -1.304116 -0.787045
5.045732 -0.944954 -1.431403 -0.783544
5.055398 -0.941747 -0.781631 -0.770763
5.065065 -0.938452 -1.332064 -0.761261
5.074731 -0.935069 -0.780844 -0.754454
5.084397 -0.931599 -0.714231 -0.760499
5.094063 -0.928042 -0.620156 -0.764654
5.103729 -0.924399 -0.427664 -0.761155
5.113396 -0.920669 -0.772303 -0.765700
5.123062 -0.916852 -0.675344 -0.770687
5.132728 -0.912951 -0.702968 -0.776385
5.142394 -0.908964 -1.024431 -0.781798
5.152060 -0.904892 -1.255198 -0.773917
5.161726 -0.900735 -0.999539 -0.769464
5.171392 -0.896494 -0.631701 -0.756136
5.181058 -0.892170 -0.850070 -0.764441
5.190725 -0.887762 -0.948143 -0.760508
5.200391 -0.883271 -1.325164 -0.757698
5.210057 -0.878698 -0.607923 -0.746619
5.219723 -0.874043 -0.450003 -0.745568
5.229389 -0.869306 -1.265421 -0.742749
5.239056 -0.864487 -0.758848 -0.723965
5.248722 -0.859588 -0.764447 -0.721497
5.258388 -0.854609 -0.567994 -0.726627
5.268054 -0.849550 -1.049431 -0.729592
5.277720 -0.844411 -1.052197 -0.722129
5.287386 -0.839194 -0.510403 -0.717634
5.297052 -0.833898 -0.485972 -0.722279
5.306719 -0.828524 -0.426824 -0.721925
5.316385 -0.823073 -0.408952 -0.715564
5.326051 -0.817545 -0.983855 -0.707428
5.335717 -0.811940 -1.041424 -0.688405
5.345383 -0.806260 -0.630885 -0.673533
5.355050 -0.800504 -0.392548 -0.679276
5.364716 -0.794674 -1.205407 -0.677464
5.374382 -0.788769 -0.541218 -0.671142
5.384048 -0.782790 -1.134898 -0.669015
5.393714 -0.776739 -0.901209 -0.651148
5.403380 -0.770615 -1.026833 -0.639752
5.413046 -0.764419 -0.291122 -0.618169
5.422712 -0.758151 -0.939477 -0.614896
5.432379 -0.751813 -0.680628 -0.603588
5.442045 -0.745404 -0.468311 -0.601789
5.451711 -0.738926 -0.958644 -0.593525
5.461377 -0.732378 -0.358206 -0.580206
5.471043 -0.725762 -0.342526 -0.586824
5.480710 -0.719079 -0.538272 -0.581702
5.490376 -0.712328 -0.488917 -0.577177
5.500041 -0.705511 -1.144932 -0.582754
5.509708 -0.698628 -0.357537 -0.575068
5.519374 -0.691679 -1.129116 -0.574716
5.529040 -0.684666 -0.792350 -0.550611
5.538706 -0.677589 -0.306499 -0.537345
5.548372 -0.670448 -0.991732 -0.526840
5.558039 -0.663245 -1.083073 -0.517201
5.567705 -0.655980 -0.921995 -0.509695
5.577371 -0.648654 -0.445202 -0.502224
5.587037 -0.641267 -0.654924 -0.490675
5.596703 -0.633820 -1.021634 -0.474553
5.606369 -0.626314 -0.960263 -0.466045
5.616035 -0.618749 -0.973634 -0.459951
5.625702 -0.611127 -0.630369 -0.447474
5.635368 -0.603447 -1.032522 -0.439142
5.645034 -0.595712 -0.333146 -0.418162
5.654700 -0.587920 -1.046964 -0.408991
5.664366 -0.580074 -0.653394 -0.400735
5.674033 -0.572173 -0.807669 -0.384597
5.683699 -0.564219 -0.771210 -0.373593
5.693365 -0.556212 -0.555373 -0.362256
5.703031 -0.548153 -0.309025 -0.345944
5.712697 -0.540043 -0.326215 -0.342665
5.722363 -0.531883 -0.635447 -0.343339
5.732029 -0.523672 -1.020987 -0.328842
5.741695 -0.515413 -0.716210 -0.310338
5.751362 -0.507106 -0.676285 -0.288903
5.761028 -0.498751 -0.827481 -0.269797
5.770694 -0.490350 -0.742631 -0.255230
5.780360 -0.481903 -0.468276 -0.234314
5.790026 -0.473411 -0.108791 -0.223438
5.799693 -0.464874 -0.002138 -0.229460
5.809359 -0.456295 -0.032713 -0.222188
5.819025 -0.447672 -0.297811 -0.225744
5.828691 -0.439008 -0.918042 -0.213070
5.838357 -0.430303 -0.301957 -0.191627
5.848023 -0.421557 -0.889299 -0.193615
5.857689 -0.412773 -0.434883 -0.178397
5.867355 -0.403949 -0.241514 -0.160936
5.877022 -0.395088 -0.331442 -0.154390
5.886688 -0.386190 0.052315 -0.153601
5.896354 -0.377256 -0.127446 -0.145790
5.906020 -0.368286 -0.374100 -0.150017
5.915686 -0.359283 -0.590659 -0.139131
5.925353 -0.350245 -0.055116 -0.127941
5.935019 -0.341175 -0.292696 -0.121653
5.944685 -0.332073 -0.689094 -0.106715
5.954351 -0.322940 -0.086406 -0.084780
5.964017 -0.313777 -0.312022 -0.086337
5.973683 -0.304584 -0.767810 -0.078290
5.983349 -0.295363 -0.760633 -0.050758
5.993016 -0.286115 -0.339904 -0.023094
6.002682 -0.276840 0.076122 -0.021567
6.012348 -0.267538 -0.129030 -0.014095
6.022014 -0.258212 0.218746 0.002307
6.031680 -0.248862 -0.509780 0.003790
6.041347 -0.239488 -0.707780 0.018140
6.051013 -0.230093 -0.548446 0.038565
6.060678 -0.220675 0.132226 0.059813
6.070345 -0.211237 0.151185 0.062312
6.080011 -0.201779 -0.596216 0.067297
6.089677 -0.192303 -0.655558 0.093803
6.099343 -0.182808 -0.349790 0.105568
6.109009 -0.173297 -0.213779 0.121646
6.118676 -0.163769 0.016458 0.135619
6.128342 -0.154226 0.125431 0.149794
6.138008 -0.144668 -0.634170 0.162146
6.147674 -0.135097 0.153501 0.181872
6.157340 -0.125513 -0.257490 0.178559
6.167006 -0.115918 -0.204315 0.192205
6.176672 -0.106312 0.260201 0.195585
6.186338 -0.096695 -0.145082 0.194865
6.196005 -0.087070 -0.359921 0.209617
6.205671 -0.077437 0.089423 0.232231
6.215337 -0.067796 -0.095766 0.236260
6.225003 -0.058149 0.355514 0.236674
6.234669 -0.048497 0.279013 0.238214
6.244336 -0.038840 -0.099129 0.248007
6.254002 -0.029179 0.303152 0.249679
6.263668 -0.019516 0.075534 0.250132
6.273334 -0.009851 -0.409872 0.256852
6.283000 -0.000185 0.361444 0.278113
6.292666 0.009481 -0.210512 0.270956
6.302332 0.019146 0.335882 0.276459
6.311999 0.028809 0.154134 0.281324
6.321665 0.038470 -0.401378 0.295944
6.331331 0.048127 -0.128407 0.316695
6.340997 0.057780 0.438208 0.334585
6.350663 0.067427 0.085753 0.327721
6.360330 0.077068 -0.292008 0.333690
6.369996 0.086701 0.442898 0.348052
6.379662 0.096327 -0.338791 0.346968
6.389328 0.105943 0.170170 0.369983
6.398994 0.115550 -0.031168 0.384676
6.408660 0.125146 0.259321 0.398722
6.418326 0.134730 0.454183 0.410651
6.427992 0.144302 0.407692 0.421758
6.437659 0.153860 -0.164280 0.432809
6.447325 0.163403 0.090327 0.441592
6.456991 0.172932 0.608782 0.452284
6.466657 0.182444 0.622597 0.446287
6.476323 0.191939 -0.263595 0.437885
6.485990 0.201417 0.449761 0.447814
6.495656 0.210875 0.691038 0.445900
6.505322 0.220314 0.292933 0.438109
6.514988 0.229732 0.207713 0.445508
6.524654 0.239129 0.313457 0.452064
6.534320 0.248503 0.513938 0.452172
6.543986 0.257855 0.257168 0.460303
6.553652 0.267182 0.400441 0.470372
6.563319 0.276484 0.729119 0.477710
6.572985 0.285760 -0.067354 0.477894
6.582651 0.295010 0.454118 0.501019
6.592317 0.304232 0.484886 0.501633
6.601983 0.313425 0.725227 0.515646
6.611650 0.322590 0.743028 0.514451
6.621315 0.331724 0.352125 0.513060
6.630982 0.340827 -0.012165 0.519163
6.640648 0.349898 0.424806 0.530564
6.650314 0.358937 -0.035286 0.534029
6.659980 0.367942 0.224185 0.540277
6.669646 0.376913 0.592511 0.549406
6.679313 0.385848 0.770763 0.548394
6.688979 0.394748 0.290878 0.542306
6.698645 0.403610 -0.075057 0.554489
6.708311 0.412435 0.432532 0.569588
6.717977 0.421222 0.768629 0.578656
6.727643 0.429969 -0.015525 0.586378
6.737309 0.438675 0.325833 0.606711
6.746975 0.447341 0.411528 0.609044
6.756642 0.455965 0.653161 0.625491
6.766308 0.464547 0.003580 0.636662
6.775974 0.473085 0.064671 0.656422
6.785640 0.481578 0.579131 0.676394
6.795306 0.490027 0.885105 0.681116
6.804973 0.498430 0.636206 0.681546
6.814639 0.506787 0.766087 0.682642
6.824305 0.515096 0.094993 0.681341
6.833971 0.523357 0.384208 0.695447
6.843637 0.531569 0.426112 0.713513
6.853303 0.539731 0.388680 0.720544
6.862969 0.547843 0.811966 0.739826
6.872636 0.555904 0.904807 0.735647
6.882302 0.563913 0.671140 0.725507
6.891968 0.571869 0.855768 0.727366
6.901634 0.579772 1.009518 0.731274
6.911300 0.587620 0.960267 0.729336
6.920966 0.595414 0.274863 0.736274
6.930633 0.603152 0.624927 0.741372
6.940299 0.610834 0.308930 0.756732
6.949965 0.618459 0.202476 0.765243
6.959631 0.626025 0.232871 0.783455
6.969297 0.633534 0.354091 0.797617
6.978963 0.640983 0.301480 0.806590
6.988629 0.648372 0.662884 0.825010
6.998296 0.655701 0.535504 0.823134
7.007962 0.662968 0.318857 0.824234
7.017628 0.670174 0.920502 0.826663
7.027294 0.677316 0.760586 0.819917
7.036960 0.684396 0.767330 0.814648
7.046627 0.691412 0.738334 0.823044
7.056293 0.698363 1.088893 0.831403
7.065958 0.705248 0.484828 0.826308
7.075625 0.712068 1.185548 0.829378
7.085291 0.718822 0.665460 0.818211
7.094957 0.725508 0.673489 0.832951
7.104623 0.732126 0.657249 0.833405
7.114289 0.738676 0.557930 0.842255
7.123956 0.745157 0.598012 0.856678
7.133622 0.751568 0.277143 0.854800
7.143288 0.757910 0.680621 0.877307
7.152954 0.764180 0.541929 0.884767
7.162620 0.770379 0.466338 0.884152
7.172287 0.776506 0.900060 0.898826
7.181952 0.782560 0.679880 0.894911
7.191619 0.788541 0.885911 0.898199
7.201285 0.794449 1.154735 0.900403
7.210951 0.800282 1.001140 0.894421
7.220617 0.806041 0.442459 0.891508
7.230283 0.811724 1.233871 0.905853
7.239950 0.817331 1.211737 0.897597
7.249616 0.822863 0.991584 0.898494
7.259282 0.828317 1.063263 0.895800
7.268948 0.833693 0.815245 0.903004
7.278614 0.838992 0.906606 0.905425
7.288280 0.844213 0.690995 0.915066
7.297946 0.849354 0.701050 0.916080
7.307612 0.854417 0.800292 0.923340
7.317279 0.859399 1.287498 0.926782
7.326945 0.864301 0.777644 0.923241
7.336611 0.869123 1.352795 0.931341
7.346277 0.873863 0.603026 0.920637
7.355943 0.878521 0.397779 0.927744
7.365610 0.883098 0.764091 0.942280
7.375276 0.887592 1.051186 0.951065
7.384942 0.892003 0.912618 0.944422
7.394608 0.896330 1.307186 0.945592
7.404274 0.900574 0.529759 0.942528
7.413940 0.904734 1.392923 0.957414
7.423606 0.908809 0.734472 0.948361
7.433272 0.912800 1.113047 0.958625
7.442939 0.916705 0.941013 0.950960
7.452605 0.920524 0.802707 0.943610
7.462271 0.924257 1.222469 0.950137
7.471937 0.927904 0.569083 0.941534
7.481603 0.931465 0.590497 0.940081
7.491270 0.934938 0.440340 0.942230
7.500936 0.938324 0.583165 0.961568
7.510602 0.941622 0.497166 0.970063
7.520268 0.944832 1.187134 0.988939
7.529934 0.947954 1.156289 0.977178
7.539600 0.950988 0.834148 0.967698
7.549266 0.953932 0.638295 0.978712
7.558933 0.956788 0.627234 0.984989
7.568599 0.959554 1.402423 0.993062
7.578265 0.962230 0.696216 0.993631
7.587931 0.964817 1.099724 0.995255
7.597597 0.967313 1.279106 0.995582
7.607263 0.969719 0.504083 0.995769
7.616930 0.972034 1.402513 0.997846
7.626595 0.974259 1.053622 0.995785
7.636262 0.976393 0.511153 0.997795
7.645928 0.978435 1.200076 0.997943
7.655594 0.980386 0.704269 0.990746
7.665260 0.982245 0.844316 1.004069
7.674926 0.984012 0.996082 1.015385
7.684593 0.985688 0.855664 1.023140
7.694259 0.987271 0.855477 1.017194
7.703925 0.988763 1.159712 1.018944
7.713591 0.990161 0.821074 1.011591
7.723257 0.991468 1.256567 1.022406
7.732924 0.992681 0.856920 1.021777
7.742589 0.993802 1.423427 1.013512
7.752255 0.994830 0.936311 1.006561
7.761922 0.995766 1.388646 0.997023
7.771588 0.996608 0.741702 0.995564
7.781254 0.997357 1.064055 0.989879
7.790920 0.998012 0.972392 0.988116
7.800586 0.998575 1.110471 0.981189
7.810253 0.999044 1.182628 0.983095
7.819919 0.999420 0.817575 0.973199
7.829585 0.999702 0.958365 0.984645
7.839251 0.999892 1.124605 0.978349
7.848917 0.999987 1.203317 0.968344
7.858583 0.999989 0.719082 0.968752
7.868249 0.999898 0.971073 0.968846
7.877916 0.999714 1.154030 0.964965
7.887582 0.999436 1.274026 0.958431
7.897248 0.999064 0.940270 0.945827
7.906914 0.998599 1.247707 0.941078
7.916580 0.998041 0.729799 0.935455
7.926247 0.997390 0.573473 0.943815
7.935913 0.996646 1.129081 0.952156
7.945579 0.995808 0.792326 0.941085
7.955245 0.994877 0.496434 0.942049
7.964911 0.993854 0.697961 0.953713
7.974577 0.992737 1.407194 0.962635
7.984243 0.991528 1.007932 0.956806
7.993909 0.990226 1.440969 0.943318
8.003575 0.988832 0.599064 0.925510
8.013242 0.987345 0.682297 0.926094
8.022908 0.985766 1.384872 0.919064
8.032574 0.984095 0.952157 0.915124
8.042240 0.982332 1.030871 0.906906
8.051907 0.980477 1.430884 0.893872
8.061573 0.978530 0.777398 0.870862
8.071239 0.976492 1.116069 0.877752
8.080905 0.974363 1.288445 0.869541
8.090571 0.972143 0.607950 0.853932
8.100237 0.969832 1.299447 0.860028
8.109903 0.967430 1.154127 0.852952
8.119570 0.964938 0.518559 0.852861
8.129235 0.962356 0.840236 0.854274
8.138902 0.959684 1.370387 0.843979
8.148568 0.956922 1.410107 0.824651
8.158234 0.954071 1.383879 0.816959
8.167900 0.951131 0.558342 0.799389
8.177567 0.948102 0.942959 0.795336
8.187233 0.944984 0.792101 0.797102
8.196898 0.941778 1.361789 0.803158
8.206565 0.938484 1.225129 0.783524
8.216231 0.935102 0.443647 0.777162
8.225897 0.931633 1.075909 0.784187
8.235563 0.928077 0.459419 0.781081
8.245230 0.924434 1.315696 0.784483
8.254895 0.920705 0.457418 0.776545
8.264562 0.916889 0.975927 0.783659
8.274228 0.912988 0.626038 0.780944
8.283895 0.909002 1.205749 0.781725
8.293560 0.904931 0.687838 0.765297
8.303226 0.900775 1.389911 0.770037
8.312893 0.896535 0.643522 0.749844
8.322558 0.892212 0.624366 0.742510
8.332225 0.887805 1.223737 0.736509
8.341891 0.883315 0.723779 0.719940
8.351557 0.878742 0.777009 0.710775
8.361223 0.874088 0.827349 0.699854
8.370890 0.869351 0.643804 0.685726
8.380556 0.864534 0.702862 0.683590
8.390222 0.859636 0.966527 0.683137
8.399888 0.854657 1.147803 0.666007
8.409554 0.849599 0.990518 0.645465
8.419220 0.844461 0.575516 0.636221
8.428886 0.839244 0.840541 0.643464
8.438553 0.833949 1.079638 0.645249
8.448218 0.828576 1.144061 0.641857
8.457885 0.823125 1.115752 0.623181
8.467551 0.817598 0.333498 0.605154
8.477218 0.811994 0.550618 0.609722
8.486883 0.806315 0.628224 0.602135
8.496550 0.800560 0.330834 0.592444
8.506216 0.794730 1.187854 0.595920
8.515882 0.788826 0.541275 0.582063
8.525548 0.782848 0.379134 0.581746
8.535214 0.776797 0.280398 0.588296
8.544880 0.770674 1.121927 0.591730
8.554546 0.764478 0.705501 0.568580
8.564213 0.758211 0.507975 0.559809
8.573878 0.751874 0.912782 0.559941
8.583545 0.745466 0.945621 0.545986
8.593211 0.738988 1.149599 0.526731
8.602878 0.732441 0.589203 0.511688
8.612543 0.725826 0.325469 0.498785
8.622210 0.719143 0.404024 0.492678
8.631876 0.712393 1.025467 0.490647
8.641541 0.705576 0.505390 0.467434
8.651208 0.698694 0.355681 0.458140
8.660874 0.691746 1.031280 0.462285
8.670540 0.684733 1.094887 0.438443
8.680206 0.677657 0.380086 0.424814
8.689873 0.670517 0.907020 0.429094
8.699539 0.663314 0.794926 0.409143
8.709205 0.656050 0.920569 0.405099
8.718871 0.648724 0.629543 0.385719
8.728538 0.641338 0.918797 0.386302
8.738203 0.633892 0.813112 0.369064
8.747869 0.626386 0.840183 0.364607
8.757536 0.618822 0.665073 0.344678
8.767201 0.611200 0.384341 0.337466
8.776868 0.603521 0.924866 0.325932
8.786534 0.595786 0.380249 0.305192
8.796201 0.587995 0.276843 0.298218
8.805866 0.580149 0.324297 0.290214
8.815533 0.572249 0.395318 0.286030
8.825199 0.564295 0.265504 0.281313
8.834865 0.556289 0.230946 0.283853
8.844531 0.548230 0.120956 0.290168
8.854198 0.540121 0.537023 0.298862
8.863863 0.531961 0.680205 0.286221
8.873529 0.523751 0.110027 0.277417
8.883196 0.515492 0.120720 0.283921
8.892861 0.507186 0.528289 0.283194
8.902528 0.498831 0.937672 0.268805
8.912194 0.490431 0.929790 0.257516
8.921861 0.481984 0.910052 0.240700
8.931526 0.473492 0.210255 0.217096
8.941193 0.464956 0.214384 0.218491
8.950859 0.456377 0.561925 0.205832
8.960525 0.447755 0.171273 0.186434
8.970191 0.439091 0.143657 0.190707
8.979857 0.430386 0.504623 0.181939
8.989523 0.421641 0.494992 0.172044
8.999189 0.412857 0.525455 0.164014
9.008856 0.404034 0.706609 0.160490
9.018522 0.395173 0.452136 0.135281
9.028188 0.386275 -0.035597 0.132100
9.037854 0.377341 0.266941 0.133454
9.047521 0.368372 0.514571 0.123714
9.057186 0.359369 0.215032 0.115661
9.066853 0.350332 -0.017096 0.108606
9.076519 0.341262 0.397431 0.105737
9.086185 0.332160 -0.055959 0.091934
9.095851 0.323028 0.020147 0.095816
9.105517 0.313865 0.302436 0.102069
9.115184 0.304673 -0.135175 0.084080
9.124849 0.295452 0.040729 0.082185
9.134516 0.286204 0.562900 0.085463
9.144182 0.276929 -0.160814 0.061751
9.153848 0.267628 0.413430 0.066373
9.163514 0.258302 0.594082 0.044685
9.173181 0.248952 -0.090521 0.023222
9.182846 0.239578 0.592723 0.024885
9.192513 0.230183 -0.048406 0.002529
9.202179 0.220765 0.658660 0.005751
9.211844 0.211328 0.056919 -0.017151
9.221511 0.201870 0.590264 -0.027004
9.231177 0.192394 -0.156265 -0.039474
9.240844 0.182899 0.304439 -0.035287
9.250509 0.173388 -0.192331 -0.042500
9.260176 0.163860 -0.112165 -0.045913
9.269842 0.154317 0.031556 -0.045149
9.279508 0.144760 -0.123330 -0.056443
9.289174 0.135189 0.115092 -0.054193
9.298841 0.125605 0.159465 -0.060574
9.308506 0.116010 0.392492 -0.068876
9.318172 0.106404 0.546709 -0.091952
9.327839 0.096787 0.555649 -0.116509
9.337505 0.087162 -0.095018 -0.136300
9.347171 0.077529 0.239994 -0.139353
9.356837 0.067888 0.435255 -0.160900
9.366504 0.058242 0.084350 -0.175724
9.376169 0.048589 -0.191179 -0.182722
9.385836 0.038932 0.373247 -0.181378
9.395502 0.029272 0.088981 -0.206886
9.405168 0.019609 -0.270149 -0.226155
9.414834 0.009944 0.280017 -0.220675
9.424500 0.000278 -0.418574 -0.240216
9.434167 -0.009388 -0.407975 -0.249933
9.443832 -0.019054 0.384935 -0.259396
9.453499 -0.028717 -0.294762 -0.279464
9.463165 -0.038378 0.009857 -0.274776
9.472831 -0.048035 0.093525 -0.291930
9.482497 -0.057687 0.349231 -0.313021
9.492164 -0.067334 -0.553845 -0.335776
9.501829 -0.076975 0.293077 -0.325890
9.511496 -0.086609 0.032123 -0.336826
9.521162 -0.096235 -0.220033 -0.354980
9.530828 -0.105851 0.111883 -0.365483
9.540494 -0.115458 -0.137691 -0.385900
9.550160 -0.125054 -0.160562 -0.386849
9.559827 -0.134638 -0.292740 -0.399954
9.569492 -0.144210 0.138162 -0.399583
9.579159 -0.153768 0.332804 -0.415831
9.588825 -0.163312 -0.596995 -0.435987
9.598491 -0.172841 -0.229956 -0.433904
9.608157 -0.182353 0.204637 -0.435533
9.617824 -0.191849 -0.622694 -0.456399
9.627489 -0.201326 0.070304 -0.461985
9.637156 -0.210785 -0.671019 -0.483091
9.646822 -0.220224 -0.479067 -0.475225
9.656488 -0.229642 -0.007361 -0.479077
9.666154 -0.239039 -0.525043 -0.498108
9.675820 -0.248414 0.112666 -0.503779
9.685487 -0.257765 -0.486456 -0.520848
9.695152 -0.267092 -0.435692 -0.523522
9.704819 -0.276395 -0.033239 -0.525920
9.714485 -0.285671 0.053069 -0.548904
9.724151 -0.294921 -0.056221 -0.559896
9.733817 -0.304144 -0.362968 -0.567541
9.743484 -0.313337 -0.073966 -0.570329
9.753150 -0.322502 -0.533156 -0.587941
9.762815 -0.331637 -0.010811 -0.590555
9.772482 -0.340740 -0.203971 -0.595911
9.782148 -0.349812 -0.255647 -0.598139
9.791814 -0.358851 -0.761283 -0.616226
9.801480 -0.367856 -0.681144 -0.618754
9.811147 -0.376827 -0.433912 -0.614280
9.820812 -0.385763 -0.247682 -0.621389
9.830479 -0.394663 -0.837349 -0.629982
9.840145 -0.403526 -0.305943 -0.638078
9.849812 -0.412351 -0.265511 -0.654375
9.859477 -0.421138 -0.124025 -0.666682
9.869143 -0.429885 -0.902113 -0.683293
9.878810 -0.438592 -0.874473 -0.683843
9.888475 -0.447258 0.003851 -0.676802
9.898142 -0.455883 -0.697055 -0.691796
9.907808 -0.464465 -0.904435 -0.703285
9.917474 -0.473003 -0.881081 -0.692550
9.927140 -0.481497 -0.618480 -0.697677
9.936807 -0.489947 -0.060383 -0.710805
9.946472 -0.498350 -0.847833 -0.719765
9.956139 -0.506707 -0.961021 -0.717989
9.965805 -0.515017 -0.788539 -0.725327
9.975471 -0.523278 -0.059534 -0.728969
9.985137 -0.531491 -0.253696 -0.745552
9.994803 -0.539653 -0.875616 -0.755221
10.004470 -0.547766 -0.745175 -0.753319
10.014135 -0.555827 -0.908972 -0.748637
10.023802 -0.563837 -0.185117 -0.743770
10.033468 -0.571793 -0.815804 -0.763713
10.043134 -0.579697 -0.274191 -0.756078
10.052800 -0.587546 -0.674264 -0.767414
10.062467 -0.595340 -0.674978 -0.778345
10.072133 -0.603078 -0.492861 -0.780862
10.081799 -0.610761 -0.311420 -0.793322
10.091465 -0.618386 -0.838623 -0.809846
10.101131 -0.625953 -0.902008 -0.803939
10.110797 -0.633462 -0.985020 -0.797146
10.120463 -0.640912 -0.277726 -0.789574
10.130130 -0.648302 -0.671664 -0.793869
10.139795 -0.655631 -0.958878 -0.791614
10.149462 -0.662899 -0.808579 -0.784183
10.159128 -0.670105 -0.740831 -0.795014
10.168795 -0.677248 -0.620133 -0.793283
10.178460 -0.684328 -0.555617 -0.806427
10.188127 -0.691345 -1.182403 -0.806923
10.197793 -0.698296 -0.496523 -0.793897
10.207458 -0.705183 -0.438466 -0.797470
10.217125 -0.712003 -0.502387 -0.813233
10.226791 -0.718757 -0.954589 -0.831230
10.236457 -0.725444 -0.663842 -0.826809
10.246123 -0.732063 -0.278604 -0.829655
10.255790 -0.738614 -0.315368 -0.846955
10.265455 -0.745095 -1.160010 -0.858105
10.275122 -0.751507 -0.887666 -0.852988
10.284788 -0.757849 -0.457471 -0.844906
10.294455 -0.764120 -0.789344 -0.863531
10.304120 -0.770320 -0.677315 -0.875800
10.313787 -0.776447 -1.242144 -0.878990
10.323453 -0.782502 -1.120815 -0.869174
10.333118 -0.788484 -0.880879 -0.867844
10.342785 -0.794393 -0.954539 -0.861076
10.352451 -0.800227 -0.929640 -0.859919
10.362117 -0.805986 -0.522423 -0.860575
10.371783 -0.811670 -0.745826 -0.874826
10.381450 -0.817278 -1.271500 -0.880845
10.391116 -0.822810 -0.367703 -0.879493
10.400782 -0.828265 -1.137433 -0.894213
10.410448 -0.833642 -1.274864 -0.900041
10.420115 -0.838942 -0.508381 -0.885458
10.429780 -0.844163 -0.759032 -0.895184
10.439446 -0.849306 -1.327912 -0.891743
10.449113 -0.854369 -0.970690 -0.875952
10.458778 -0.859352 -0.888665 -0.884880
10.468445 -0.864255 -0.737130 -0.894689
10.478111 -0.869077 -0.780527 -0.896970
10.487778 -0.873818 -0.511090 -0.910155
10.497443 -0.878477 -0.665626 -0.919013
10.507110 -0.883054 -1.182273 -0.929978
10.516776 -0.887549 -0.434029 -0.918703
10.526442 -0.891961 -0.840980 -0.921802
10.536108 -0.896289 -1.220808 -0.933395
10.545774 -0.900534 -0.800845 -0.935168
10.555440 -0.904695 -1.115867 -0.942124
10.565106 -0.908771 -1.137614 -0.932492
10.574773 -0.912762 -0.543289 -0.931555
10.584439 -0.916668 -0.562333 -0.934479
10.594105 -0.920488 -0.606437 -0.949929
10.603771 -0.924222 -0.492492 -0.947852
10.613438 -0.927870 -0.558886 -0.955254
10.623103 -0.931431 -0.587320 -0.966518
10.632770 -0.934905 -1.350155 -0.974485
10.642436 -0.938292 -0.654271 -0.966083
10.652102 -0.941591 -1.277310 -0.963856
10.661768 -0.944802 -0.580457 -0.951131
10.671434 -0.947925 -0.531088 -0.962238
10.681100 -0.950959 -0.675179 -0.969696
10.690766 -0.953905 -1.226603 -0.984110
10.700433 -0.956761 -1.402255 -0.985108
10.710099 -0.959528 -0.733492 -0.971661
10.719765 -0.962205 -0.806179 -0.976716
10.729431 -0.964792 -1.143585 -0.981550
10.739098 -0.967290 -0.872881 -0.972927
10.748763 -0.969697 -0.904127 -0.965943
10.758430 -0.972013 -0.483610 -0.967577
10.768096 -0.974238 -1.388725 -0.984806
10.777761 -0.976373 -1.402792 -0.978873
10.787428 -0.978416 -0.836794 -0.961710
10.797094 -0.980367 -0.751341 -0.963972
10.806761 -0.982228 -1.054297 -0.974040
10.816426 -0.983996 -0.542500 -0.966688
10.826093 -0.985672 -0.896665 -0.975010
10.835759 -0.987257 -0.962460 -0.975918
10.845425 -0.988749 -1.234957 -0.984785
10.855091 -0.990148 -1.046806 -0.973091
10.864758 -0.991456 -1.203910 -0.965797
10.874423 -0.992670 -1.103712 -0.953251
10.884089 -0.993792 -1.428818 -0.958409
10.893756 -0.994821 -0.545695 -0.941343
10.903422 -0.995757 -0.994704 -0.942211
10.913088 -0.996600 -0.586965 -0.937853
10.922754 -0.997350 -0.538336 -0.950494
10.932421 -0.998006 -1.417102 -0.961167
10.942086 -0.998570 -1.379120 -0.945846
10.951753 -0.999040 -0.851193 -0.932808
10.961419 -0.999417 -1.439753 -0.928324
10.971085 -0.999700 -0.953999 -0.921219
10.980751 -0.999890 -1.213901 -0.919293
10.990417 -0.999987 -0.618490 -0.904767
11.000083 -0.999990 -0.589012 -0.908794
11.009749 -0.999900 -1.420612 -0.920414
11.019416 -0.999716 -1.309463 -0.917205
11.029082 -0.999439 -1.148628 -0.915780
11.038748 -0.999068 -0.634296 -0.907939
11.048414 -0.998604 -1.090755 -0.904310
11.058081 -0.998047 -0.689459 -0.902117
11.067746 -0.997397 -1.334855 -0.900810
11.077413 -0.996653 -0.502604 -0.893362
11.087079 -0.995816 -0.862588 -0.892832
11.096745 -0.994887 -1.122072 -0.886293
11.106411 -0.993864 -0.985670 -0.887218
11.116077 -0.992748 -0.930048 -0.890803
11.125744 -0.991540 -0.542933 -0.885566
11.135409 -0.990239 -0.641061 -0.900826
11.145076 -0.988845 -1.135807 -0.912442
11.154742 -0.987360 -0.903998 -0.896096
11.164408 -0.985781 -1.395874 -0.890890
11.174074 -0.984111 -1.276494 -0.873262
11.183741 -0.982349 -0.729915 -0.856121
11.193406 -0.980495 -0.986248 -0.863765
11.203073 -0.978549 -1.047842 -0.865172
11.212739 -0.976512 -0.712481 -0.854992
11.222405 -0.974384 -0.523641 -0.862954
11.232071 -0.972165 -0.985822 -0.863523
11.241737 -0.969855 -1.345064 -0.868307
11.251404 -0.967454 -1.092076 -0.859650
11.261069 -0.964963 -0.544677 -0.852463
11.270736 -0.962381 -0.949884 -0.855884
11.280402 -0.959710 -1.254748 -0.841824
11.290068 -0.956949 -0.686692 -0.833780
11.299734 -0.954099 -0.958570 -0.832007
11.309401 -0.951159 -0.942080 -0.818202
11.319066 -0.948131 -1.405802 -0.815828
11.328732 -0.945014 -0.650251 -0.801030
11.338399 -0.941809 -0.682112 -0.809219
11.348065 -0.938516 -0.576612 -0.812323
11.357731 -0.935135 -1.361616 -0.811016
11.367397 -0.931667 -0.575500 -0.801096
11.377064 -0.928111 -0.589096 -0.800158
11.386729 -0.924469 -0.776836 -0.805137
11.396396 -0.920741 -1.218983 -0.802016
11.406062 -0.916926 -1.072006 -0.784683
11.415728 -0.913026 -0.651071 -0.769407
11.425394 -0.909041 -0.727196 -0.773270
11.435061 -0.904970 -0.626993 -0.768316
11.444727 -0.900816 -1.084491 -0.765746
11.454392 -0.896576 -0.857711 -0.758388
11.464059 -0.892254 -0.487593 -0.743170
11.473725 -0.887847 -0.819867 -0.739014
11.483391 -0.883358 -1.170003 -0.732230
11.493057 -0.878787 -1.260161 -0.718107
11.502724 -0.874133 -1.238203 -0.697826
11.512389 -0.869397 -0.756585 -0.677644
11.522056 -0.864580 -0.452840 -0.676587
11.531722 -0.859683 -0.981131 -0.682632
11.541389 -0.854705 -0.624092 -0.681390
11.551054 -0.849647 -0.962429 -0.673340
11.560720 -0.844510 -0.476106 -0.667304
11.570387 -0.839294 -0.535650 -0.659495
11.580052 -0.834000 -1.168345 -0.652923
11.589719 -0.828628 -1.164896 -0.644559
11.599385 -0.823178 -0.668220 -0.622688
11.609051 -0.817651 -1.305932 -0.613314
11.618717 -0.812048 -1.221836 -0.600545
11.628384 -0.806369 -0.318516 -0.581657
11.638050 -0.800615 -0.643704 -0.588193
11.647716 -0.794786 -0.514458 -0.578869
11.657382 -0.788883 -0.419471 -0.567220
11.667048 -0.782906 -1.112124 -0.574527
11.676714 -0.776855 -1.056573 -0.558478
11.686380 -0.770733 -0.538868 -0.539869
11.696047 -0.764538 -1.110572 -0.539434
11.705712 -0.758272 -0.552073 -0.531561
11.715379 -0.751935 -1.225048 -0.525506
11.725045 -0.745527 -0.912174 -0.509686
11.734711 -0.739050 -0.732748 -0.490010
11.744377 -0.732504 -0.715734 -0.476210
11.754044 -0.725890 -0.246887 -0.473902
11.763710 -0.719207 -0.852528 -0.470279
11.773376 -0.712458 -0.598059 -0.466322
11.783042 -0.705642 -0.268296 -0.467353
11.792708 -0.698760 -0.823413 -0.464819
11.802374 -0.691813 -0.665887 -0.445585
11.812040 -0.684801 -1.059705 -0.435132
11.821707 -0.677725 -0.837321 -0.409746
11.831372 -0.670586 -0.511264 -0.389578
11.841039 -0.663384 -0.865615 -0.385598
11.850705 -0.656120 -0.528598 -0.375339
11.860372 -0.648795 -0.838055 -0.360817
11.870037 -0.641409 -0.620763 -0.354327
11.879704 -0.633963 -0.352323 -0.337416
11.889370 -0.626458 -0.308226 -0.329857
11.899035 -0.618895 -0.844198 -0.320018
11.908702 -0.611273 -0.479510 -0.296948
11.918368 -0.603595 -0.498505 -0.299480
11.928034 -0.595860 -0.716576 -0.287882
11.937700 -0.588070 -0.096798 -0.267009
11.947367 -0.580224 -0.279815 -0.277504
11.957033 -0.572325 -0.480662 -0.275271
11.966699 -0.564372 -0.463859 -0.268808
11.976365 -0.556366 -0.246099 -0.254939
11.986032 -0.548308 -0.229130 -0.243432
11.995697 -0.540199 -0.703732 -0.242711
12.005363 -0.532039 -0.755053 -0.239024
12.015030 -0.523830 -0.919060 -0.225026
12.024695 -0.515572 -0.221572 -0.210759
12.034362 -0.507265 -0.660636 -0.215515
12.044028 -0.498912 -0.085645 -0.212861
12.053694 -0.490511 -0.207071 -0.208736
12.063360 -0.482065 -0.750124 -0.202586
12.073027 -0.473574 -0.071386 -0.192741
12.082693 -0.465038 -0.199482 -0.188917
12.092359 -0.456459 -0.667480 -0.184928
12.102025 -0.447838 -0.277468 -0.171578
12.111691 -0.439174 -0.645312 -0.166029
12.121357 -0.430470 -0.177487 -0.153123
12.131023 -0.421725 0.067990 -0.149573
12.140690 -0.412941 -0.784824 -0.150933
12.150355 -0.404118 -0.309679 -0.135236
12.160022 -0.395258 -0.126100 -0.129043
12.169688 -0.386361 -0.517117 -0.126521
12.179355 -0.377427 -0.716961 -0.116178
12.189020 -0.368458 -0.249329 -0.101839
12.198687 -0.359455 -0.433997 -0.096852
12.208353 -0.350419 0.071576 -0.088172
12.218019 -0.341349 -0.042741 -0.089604
12.227685 -0.332248 -0.600307 -0.088749
12.237351 -0.323115 -0.065737 -0.076743
12.247017 -0.313953 -0.654677 -0.075428
12.256683 -0.304761 -0.649605 -0.062335
12.266350 -0.295540 -0.141620 -0.049343
12.276016 -0.286292 0.138297 -0.046510
12.285682 -0.277017 -0.143240 -0.049276
12.295348 -0.267717 0.209577 -0.046411
12.305015 -0.258391 0.171081 -0.050603
12.314680 -0.249041 -0.312230 -0.054025
12.324347 -0.239668 -0.352663 -0.047780
12.334013 -0.230273 0.197459 -0.040727
12.343678 -0.220856 -0.513513 -0.044676
12.353345 -0.211418 0.224768 -0.034406
12.363011 -0.201961 0.025631 -0.038901
12.372677 -0.192484 0.183732 -0.039414
12.382343 -0.182990 0.309289 -0.043088
12.392010 -0.173479 -0.606094 -0.049274
12.401676 -0.163951 0.081402 -0.037152
12.411342 -0.154408 0.327067 -0.038780
12.421008 -0.144851 -0.621566 -0.045322
12.430675 -0.135280 -0.168164 -0.032890
12.440340 -0.125697 -0.157512 -0.029527
12.450006 -0.116102 0.229597 -0.026377
12.459673 -0.106496 0.329232 -0.030969
12.469338 -0.096880 -0.193089 -0.037553
12.479005 -0.087254 -0.519381 -0.033691
12.488671 -0.077621 -0.055114 -0.023304
12.498338 -0.067981 -0.205726 -0.022202
12.508003 -0.058334 -0.459362 -0.018087
12.517670 -0.048682 -0.527929 -0.008900
12.527336 -0.039025 0.120572 0.001659
12.537002 -0.029364 0.100446 -0.000753
12.546668 -0.019701 -0.257883 -0.002762
12.556334 -0.010036 0.119805 0.002396
