0 35 1.367188 1.130859
1 52 2.031250 1.125000
2 50 1.953125 1.087891
3 53 2.070313 1.056641
4 48 1.875000 1.021484
5 48 1.875000 1.000000
6 11 0.429688 0.980469
7 13 0.507813 1.035156
8 14 0.546875 1.087891
9 16 0.625000 1.140625
10 17 0.664063 1.193359
11 18 0.703125 1.246094
12 20 0.781250 1.298828
13 22 0.859375 1.349609
14 23 0.898438 1.398438
15 25 0.976563 1.447266
16 26 1.015625 1.494141
17 28 1.093750 1.541016
18 29 1.132813 1.585938
19 31 1.210938 1.628906
20 32 1.250000 1.669922
21 33 1.289063 1.710938
22 34 1.328125 1.751953
23 35 1.367188 1.792969
24 37 1.445313 1.832031
25 38 1.484375 1.869141
26 39 1.523438 1.904297
27 40 1.562500 1.939453
28 41 1.601563 1.974609
29 43 1.679688 2.007813
30 44 1.718750 2.039063
31 45 1.757813 2.068359
32 46 1.796875 2.097656
33 47 1.835938 2.123047
34 48 1.875000 2.148438
35 49 1.914063 2.171875
36 50 1.953125 2.193359
37 51 1.992188 2.214844
38 51 1.992188 2.234375
39 52 2.031250 2.253906
40 53 2.070313 2.271484
41 54 2.109375 2.287109
42 55 2.148438 2.300781
43 55 2.148438 2.312500
44 56 2.187500 2.324219
45 56 2.187500 2.333984
46 57 2.226563 2.343750
47 58 2.265625 2.349609
48 58 2.265625 2.353516
49 59 2.304688 2.357422
50 59 2.304688 2.359375
51 60 2.343750 2.359375
52 59 2.304688 2.357422
53 60 2.343750 2.355469
54 60 2.343750 2.351563
55 60 2.343750 2.347656
56 61 2.382813 2.341797
57 61 2.382813 2.332031
58 61 2.382813 2.320313
59 61 2.382813 2.308594
60 61 2.382813 2.294922
61 61 2.382813 2.281250
62 61 2.382813 2.263672
63 61 2.382813 2.246094
64 61 2.382813 2.226563
65 61 2.382813 2.205078
66 60 2.343750 2.181641
67 60 2.343750 2.158203
68 60 2.343750 2.132813
69 60 2.343750 2.105469
70 59 2.304688 2.076172
71 59 2.304688 2.046875
72 58 2.265625 2.013672
73 58 2.265625 1.980469
74 58 2.265625 1.947266
75 57 2.226563 1.910156
76 56 2.187500 1.873047
77 55 2.148438 1.835938
78 55 2.148438 1.796875
79 54 2.109375 1.755859
80 54 2.109375 1.714844
81 52 2.031250 1.671875
82 52 2.031250 1.628906
83 51 1.992188 1.583984
84 50 1.953125 1.539063
85 49 1.914063 1.492188
86 48 1.875000 1.443359
87 47 1.835938 1.396484
88 46 1.796875 1.347656
89 45 1.757813 1.296875
90 44 1.718750 1.246094
91 42 1.640625 1.193359
92 41 1.601563 1.142578
93 41 1.601563 1.089844
94 39 1.523438 1.035156
95 38 1.484375 0.980469
96 37 1.445313 0.925781
97 35 1.367188 0.869141
98 34 1.328125 0.812500
99 33 1.289063 0.753906
100 32 1.250000 0.695313
101 30 1.171875 0.636719
102 29 1.132813 0.580078
103 28 1.093750 0.519531
104 26 1.015625 0.458984
105 24 0.937500 0.398438
106 24 0.937500 0.337891
107 22 0.859375 0.275391
108 20 0.781250 0.212891
109 19 0.742188 0.152344
110 17 0.664063 0.089844
111 16 0.625000 0.027344
112 14 0.546875 -0.037109
113 13 0.507813 -0.099609
114 11 0.429688 -0.162109
115 10 0.390625 -0.224609
116 8 0.312500 -0.287109
117 6 0.234375 -0.349609
118 4 0.156250 -0.412109
119 3 0.117188 -0.472656
120 2 0.078125 -0.535156
121 1 0.039063 -0.597656
122 -2 -0.078125 -0.660156
123 -3 -0.117188 -0.720703
124 -5 -0.195313 -0.781250
125 -7 -0.273438 -0.839844
126 -8 -0.312500 -0.898438
127 -10 -0.390625 -0.957031
128 -11 -0.429688 -1.013672
129 -13 -0.507813 -1.072266
130 -15 -0.585938 -1.128906
131 -17 -0.664063 -1.183594
132 -18 -0.703125 -1.238281
133 -19 -0.742188 -1.292969
134 -21 -0.820313 -1.345703
135 -22 -0.859375 -1.398438
136 -24 -0.937500 -1.451172
137 -26 -1.015625 -1.501953
138 -27 -1.054688 -1.552734
139 -29 -1.132813 -1.601563
140 -30 -1.171875 -1.648438
141 -31 -1.210938 -1.695313
142 -33 -1.289063 -1.742188
143 -34 -1.328125 -1.787109
144 -35 -1.367188 -1.832031
145 -37 -1.445313 -1.875000
146 -38 -1.484375 -1.916016
147 -39 -1.523438 -1.957031
148 -41 -1.601563 -1.998047
149 -42 -1.640625 -2.035156
150 -43 -1.679688 -2.072266
151 -45 -1.757813 -2.109375
152 -46 -1.796875 -2.144531
153 -46 -1.796875 -2.177734
154 -48 -1.875000 -2.212891
155 -49 -1.914063 -2.244141
156 -50 -1.953125 -2.273438
157 -52 -2.031250 -2.302734
158 -52 -2.031250 -2.328125
159 -53 -2.070313 -2.355469
160 -54 -2.109375 -2.380859
161 -55 -2.148438 -2.404297
162 -56 -2.187500 -2.425781
163 -57 -2.226563 -2.445313
164 -57 -2.226563 -2.462891
165 -58 -2.265625 -2.480469
166 -59 -2.304688 -2.496094
167 -60 -2.343750 -2.509766
168 -60 -2.343750 -2.521484
169 -61 -2.382813 -2.533203
170 -62 -2.421875 -2.542969
171 -63 -2.460938 -2.550781
172 -63 -2.460938 -2.554688
173 -64 -2.500000 -2.558594
174 -64 -2.500000 -2.560547
175 -64 -2.500000 -2.562500
176 -65 -2.539063 -2.562500
177 -65 -2.539063 -2.560547
178 -66 -2.578125 -2.556641
179 -66 -2.578125 -2.550781
180 -66 -2.578125 -2.542969
181 -66 -2.578125 -2.533203
182 -66 -2.578125 -2.523438
183 -66 -2.578125 -2.511719
184 -66 -2.578125 -2.498047
185 -66 -2.578125 -2.484375
186 -66 -2.578125 -2.468750
187 -66 -2.578125 -2.451172
188 -66 -2.578125 -2.431641
189 -66 -2.578125 -2.412109
190 -66 -2.578125 -2.390625
191 -65 -2.539063 -2.367188
192 -65 -2.539063 -2.343750
193 -65 -2.539063 -2.320313
194 -65 -2.539063 -2.292969
195 -64 -2.500000 -2.263672
196 -64 -2.500000 -2.232422
197 -63 -2.460938 -2.201172
198 -63 -2.460938 -2.169922
199 -62 -2.421875 -2.136719
200 -61 -2.382813 -2.103516
201 -61 -2.382813 -2.068359
202 -60 -2.343750 -2.031250
203 -59 -2.304688 -1.994141
204 -59 -2.304688 -1.957031
205 -58 -2.265625 -1.914063
206 -57 -2.226563 -1.871094
207 -56 -2.187500 -1.828125
208 -56 -2.187500 -1.785156
209 -55 -2.148438 -1.740234
210 -54 -2.109375 -1.693359
211 -53 -2.070313 -1.646484
212 -53 -2.070313 -1.599609
213 -51 -1.992188 -1.548828
214 -50 -1.953125 -1.498047
215 -48 -1.875000 -1.447266
216 -48 -1.875000 -1.396484
217 -47 -1.835938 -1.343750
218 -46 -1.796875 -1.289063
219 -45 -1.757813 -1.232422
220 -43 -1.679688 -1.175781
221 -42 -1.640625 -1.121094
222 -41 -1.601563 -1.064453
223 -40 -1.562500 -1.005859
224 -37 -1.445313 -0.947266
225 -36 -1.406250 -0.890625
226 -35 -1.367188 -0.833984
227 -34 -1.328125 -0.775391
228 -33 -1.289063 -0.714844
229 -31 -1.210938 -0.652344
230 -30 -1.171875 -0.591797
231 -29 -1.132813 -0.531250
232 -27 -1.054688 -0.466797
233 -25 -0.976563 -0.404297
234 -24 -0.937500 -0.343750
235 -22 -0.859375 -0.281250
236 -21 -0.820313 -0.220703
237 -19 -0.742188 -0.158203
238 -17 -0.664063 -0.095703
239 -16 -0.625000 -0.035156
240 -15 -0.585938 0.025391
241 -13 -0.507813 0.087891
242 -11 -0.429688 0.150391
243 -10 -0.390625 0.210938
244 -8 -0.312500 0.273438
245 -7 -0.273438 0.335938
246 -5 -0.195313 0.396484
247 -3 -0.117188 0.457031
248 -1 -0.039063 0.517578
249 0 0.000000 0.576172
250 1 0.039063 0.636719
251 4 0.156250 0.699219
252 5 0.195313 0.755859
253 6 0.234375 0.812500
254 8 0.312500 0.869141
255 9 0.351563 0.923828
256 11 0.429688 0.980469
257 13 0.507813 1.035156
258 14 0.546875 1.087891
259 15 0.585938 1.142578
260 17 0.664063 1.197266
261 19 0.742188 1.250000
262 20 0.781250 1.300781
263 22 0.859375 1.351563
264 24 0.937500 1.400391
265 24 0.937500 1.447266
266 26 1.015625 1.496094
267 28 1.093750 1.542969
268 29 1.132813 1.587891
269 31 1.210938 1.632813
270 33 1.289063 1.673828
271 33 1.289063 1.712891
272 34 1.328125 1.753906
273 35 1.367188 1.794922
274 36 1.406250 1.835938
275 38 1.484375 1.875000
276 39 1.523438 1.912109
277 40 1.562500 1.947266
278 42 1.640625 1.982422
279 43 1.679688 2.013672
280 44 1.718750 2.044922
281 45 1.757813 2.074219
282 46 1.796875 2.103516
283 47 1.835938 2.130859
284 48 1.875000 2.156250
285 49 1.914063 2.179688
286 50 1.953125 2.201172
287 51 1.992188 2.222656
288 52 2.031250 2.242188
289 52 2.031250 2.259766
290 53 2.070313 2.277344
291 54 2.109375 2.292969
292 55 2.148438 2.306641
293 56 2.187500 2.318359
294 56 2.187500 2.328125
295 57 2.226563 2.337891
296 57 2.226563 2.345703
297 58 2.265625 2.353516
298 58 2.265625 2.357422
299 59 2.304688 2.361328
300 59 2.304688 2.361328
301 60 2.343750 2.363281
302 60 2.343750 2.361328
303 60 2.343750 2.357422
304 60 2.343750 2.353516
305 60 2.343750 2.347656
306 61 2.382813 2.341797
307 61 2.382813 2.332031
308 61 2.382813 2.320313
309 61 2.382813 2.308594
310 61 2.382813 2.294922
311 61 2.382813 2.281250
312 61 2.382813 2.263672
313 61 2.382813 2.244141
314 61 2.382813 2.222656
315 61 2.382813 2.201172
316 61 2.382813 2.177734
317 60 2.343750 2.152344
318 60 2.343750 2.125000
319 59 2.304688 2.097656
320 60 2.343750 2.070313
321 59 2.304688 2.039063
322 58 2.265625 2.007813
323 58 2.265625 1.974609
324 57 2.226563 1.939453
325 57 2.226563 1.904297
326 56 2.187500 1.867188
327 55 2.148438 1.830078
328 55 2.148438 1.792969
329 54 2.109375 1.751953
330 54 2.109375 1.712891
331 52 2.031250 1.669922
332 51 1.992188 1.628906
333 50 1.953125 1.585938
334 50 1.953125 1.541016
335 49 1.914063 1.494141
336 48 1.875000 1.447266
337 46 1.796875 1.400391
338 46 1.796875 1.355469
339 45 1.757813 1.306641
340 44 1.718750 1.253906
341 43 1.679688 1.201172
342 41 1.601563 1.146484
343 40 1.562500 1.093750
344 39 1.523438 1.041016
345 38 1.484375 0.986328
346 37 1.445313 0.929688
347 36 1.406250 0.873047
348 34 1.328125 0.814453
349 34 1.328125 0.755859
350 32 1.250000 0.695313
351 31 1.210938 0.636719
352 29 1.132813 0.576172
353 27 1.054688 0.517578
354 26 1.015625 0.458984
355 25 0.976563 0.396484
356 24 0.937500 0.333984
357 23 0.898438 0.269531
358 21 0.820313 0.205078
359 18 0.703125 0.140625
360 17 0.664063 0.080078
361 15 0.585938 0.017578
362 14 0.546875 -0.042969
363 13 0.507813 -0.105469
364 11 0.429688 -0.167969
365 9 0.351563 -0.228516
366 8 0.312500 -0.291016
367 6 0.234375 -0.353516
368 4 0.156250 -0.416016
369 3 0.117188 -0.476563
370 2 0.078125 -0.539063
371 0 0.000000 -0.601563
372 -1 -0.039063 -0.662109
373 -3 -0.117188 -0.724609
374 -6 -0.234375 -0.785156
375 -7 -0.273438 -0.843750
376 -9 -0.351563 -0.902344
377 -10 -0.390625 -0.958984
378 -12 -0.468750 -1.017578
379 -13 -0.507813 -1.074219
380 -15 -0.585938 -1.130859
381 -16 -0.625000 -1.187500
382 -18 -0.703125 -1.244141
383 -19 -0.742188 -1.298828
384 -20 -0.781250 -1.353516
385 -23 -0.898438 -1.406250
386 -24 -0.937500 -1.457031
387 -26 -1.015625 -1.507813
388 -27 -1.054688 -1.556641
389 -29 -1.132813 -1.605469
390 -30 -1.171875 -1.652344
391 -31 -1.210938 -1.699219
392 -33 -1.289063 -1.746094
393 -34 -1.328125 -1.791016
394 -36 -1.406250 -1.835938
395 -37 -1.445313 -1.876953
396 -38 -1.484375 -1.917969
397 -40 -1.562500 -1.958984
398 -41 -1.601563 -1.998047
399 -42 -1.640625 -2.035156
400 -44 -1.718750 -2.072266
401 -45 -1.757813 -2.107422
402 -46 -1.796875 -2.140625
403 -47 -1.835938 -2.173828
404 -47 -1.835938 -2.205078
405 -49 -1.914063 -2.238281
406 -50 -1.953125 -2.267578
407 -51 -1.992188 -2.296875
408 -52 -2.031250 -2.324219
409 -53 -2.070313 -2.351563
410 -54 -2.109375 -2.376953
411 -55 -2.148438 -2.400391
412 -56 -2.187500 -2.421875
413 -57 -2.226563 -2.441406
414 -57 -2.226563 -2.458984
415 -58 -2.265625 -2.476563
416 -59 -2.304688 -2.494141
417 -60 -2.343750 -2.507813
418 -60 -2.343750 -2.519531
419 -61 -2.382813 -2.531250
420 -62 -2.421875 -2.541016
421 -62 -2.421875 -2.548828
422 -63 -2.460938 -2.556641
423 -63 -2.460938 -2.560547
424 -64 -2.500000 -2.564453
425 -64 -2.500000 -2.566406
426 -65 -2.539063 -2.566406
427 -65 -2.539063 -2.562500
428 -66 -2.578125 -2.558594
429 -66 -2.578125 -2.552734
430 -66 -2.578125 -2.544922
431 -66 -2.578125 -2.537109
432 -66 -2.578125 -2.527344
433 -66 -2.578125 -2.515625
434 -66 -2.578125 -2.501953
435 -67 -2.617188 -2.488281
436 -66 -2.578125 -2.472656
437 -66 -2.578125 -2.455078
438 -66 -2.578125 -2.435547
439 -66 -2.578125 -2.416016
440 -66 -2.578125 -2.394531
441 -66 -2.578125 -2.371094
442 -65 -2.539063 -2.345703
443 -65 -2.539063 -2.322266
444 -65 -2.539063 -2.294922
445 -64 -2.500000 -2.263672
446 -63 -2.460938 -2.234375
447 -63 -2.460938 -2.205078
448 -63 -2.460938 -2.173828
449 -62 -2.421875 -2.140625
450 -62 -2.421875 -2.107422
451 -61 -2.382813 -2.070313
452 -60 -2.343750 -2.033203
453 -59 -2.304688 -1.996094
454 -59 -2.304688 -1.958984
455 -59 -2.304688 -1.916016
456 -57 -2.226563 -1.873047
457 -56 -2.187500 -1.830078
458 -56 -2.187500 -1.787109
459 -55 -2.148438 -1.742188
460 -54 -2.109375 -1.695313
461 -53 -2.070313 -1.648438
462 -53 -2.070313 -1.599609
463 -51 -1.992188 -1.548828
464 -49 -1.914063 -1.498047
465 -49 -1.914063 -1.449219
466 -48 -1.875000 -1.396484
467 -47 -1.835938 -1.343750
468 -46 -1.796875 -1.291016
469 -45 -1.757813 -1.236328
470 -43 -1.679688 -1.181641
471 -42 -1.640625 -1.126953
472 -41 -1.601563 -1.070313
473 -40 -1.562500 -1.011719
474 -37 -1.445313 -0.951172
475 -37 -1.445313 -0.894531
476 -35 -1.367188 -0.835938
477 -34 -1.328125 -0.777344
478 -33 -1.289063 -0.716797
479 -31 -1.210938 -0.654297
480 -30 -1.171875 -0.593750
481 -28 -1.093750 -0.531250
482 -27 -1.054688 -0.470703
483 -25 -0.976563 -0.408203
484 -24 -0.937500 -0.347656
485 -22 -0.859375 -0.285156
486 -21 -0.820313 -0.222656
487 -20 -0.781250 -0.158203
488 -18 -0.703125 -0.093750
489 -17 -0.664063 -0.031250
490 -15 -0.585938 0.033203
491 -13 -0.507813 0.097656
492 -11 -0.429688 0.160156
493 -9 -0.351563 0.222656
494 -8 -0.312500 0.283203
495 -7 -0.273438 0.343750
496 -5 -0.195313 0.406250
497 -3 -0.117188 0.466797
498 -1 -0.039063 0.525391
499 0 0.000000 0.583984
500 2 0.078125 0.644531
501 3 0.117188 0.703125
502 5 0.195313 0.761719
503 6 0.234375 0.818359
504 8 0.312500 0.876953
505 10 0.390625 0.933594
506 12 0.468750 0.988281
507 13 0.507813 1.041016
508 14 0.546875 1.095703
509 16 0.625000 1.150391
510 18 0.703125 1.203125
511 19 0.742188 1.253906
512 21 0.820313 1.304688
513 22 0.859375 1.353516
514 23 0.898438 1.402344
515 25 0.976563 1.451172
516 26 1.015625 1.498047
517 27 1.054688 1.544922
518 29 1.132813 1.591797
519 31 1.210938 1.636719
520 32 1.250000 1.677734
521 33 1.289063 1.718750
522 34 1.328125 1.759766
523 36 1.406250 1.798828
524 37 1.445313 1.837891
525 38 1.484375 1.875000
526 39 1.523438 1.912109
527 41 1.601563 1.947266
528 42 1.640625 1.980469
529 43 1.679688 2.011719
530 44 1.718750 2.042969
531 45 1.757813 2.072266
532 46 1.796875 2.099609
533 47 1.835938 2.125000
534 48 1.875000 2.150391
535 49 1.914063 2.173828
536 50 1.953125 2.195313
537 51 1.992188 2.216797
538 52 2.031250 2.236328
539 52 2.031250 2.253906
540 53 2.070313 2.271484
541 54 2.109375 2.287109
542 54 2.109375 2.300781
543 56 2.187500 2.314453
544 56 2.187500 2.324219
545 57 2.226563 2.333984
546 57 2.226563 2.339844
547 58 2.265625 2.345703
548 58 2.265625 2.349609
549 59 2.304688 2.353516
550 59 2.304688 2.353516
551 59 2.304688 2.353516
552 59 2.304688 2.353516
553 60 2.343750 2.351563
554 60 2.343750 2.347656
555 60 2.343750 2.341797
556 61 2.382813 2.333984
557 61 2.382813 2.324219
558 61 2.382813 2.312500
559 61 2.382813 2.300781
560 61 2.382813 2.287109
561 61 2.382813 2.271484
562 61 2.382813 2.253906
563 61 2.382813 2.234375
564 61 2.382813 2.214844
565 60 2.343750 2.193359
566 60 2.343750 2.171875
567 60 2.343750 2.146484
568 60 2.343750 2.121094
569 59 2.304688 2.093750
570 59 2.304688 2.066406
571 59 2.304688 2.037109
572 58 2.265625 2.005859
573 58 2.265625 1.974609
574 57 2.226563 1.939453
575 56 2.187500 1.904297
576 56 2.187500 1.869141
577 55 2.148438 1.832031
578 55 2.148438 1.792969
579 54 2.109375 1.751953
580 53 2.070313 1.710938
581 52 2.031250 1.669922
582 51 1.992188 1.628906
583 51 1.992188 1.585938
584 50 1.953125 1.541016
585 49 1.914063 1.494141
586 47 1.835938 1.445313
587 47 1.835938 1.400391
588 46 1.796875 1.351563
589 45 1.757813 1.302734
590 44 1.718750 1.251953
591 43 1.679688 1.199219
592 42 1.640625 1.144531
593 40 1.562500 1.091797
594 39 1.523438 1.037109
595 38 1.484375 0.982422
596 37 1.445313 0.927734
597 35 1.367188 0.871094
598 34 1.328125 0.814453
599 33 1.289063 0.755859
600 32 1.250000 0.697266
601 31 1.210938 0.636719
602 29 1.132813 0.576172
603 28 1.093750 0.515625
604 26 1.015625 0.455078
605 24 0.937500 0.394531
606 24 0.937500 0.333984
607 22 0.859375 0.271484
608 21 0.820313 0.208984
609 19 0.742188 0.144531
610 17 0.664063 0.082031
611 15 0.585938 0.019531
612 15 0.585938 -0.041016
613 12 0.468750 -0.105469
614 11 0.429688 -0.166016
615 10 0.390625 -0.228516
616 8 0.312500 -0.291016
617 6 0.234375 -0.353516
618 4 0.156250 -0.414063
619 3 0.117188 -0.472656
620 1 0.039063 -0.535156
621 0 0.000000 -0.595703
622 -2 -0.078125 -0.658203
623 -3 -0.117188 -0.718750
624 -5 -0.195313 -0.779297
625 -7 -0.273438 -0.837891
626 -8 -0.312500 -0.896484
627 -10 -0.390625 -0.955078
628 -12 -0.468750 -1.013672
629 -13 -0.507813 -1.070313
630 -15 -0.585938 -1.128906
631 -16 -0.625000 -1.183594
632 -18 -0.703125 -1.240234
633 -19 -0.742188 -1.294922
634 -21 -0.820313 -1.349609
635 -22 -0.859375 -1.402344
636 -24 -0.937500 -1.455078
637 -25 -0.976563 -1.507813
638 -26 -1.015625 -1.558594
639 -29 -1.132813 -1.609375
640 -30 -1.171875 -1.656250
641 -32 -1.250000 -1.703125
642 -33 -1.289063 -1.748047
643 -34 -1.328125 -1.792969
644 -35 -1.367188 -1.837891
645 -37 -1.445313 -1.882813
646 -38 -1.484375 -1.923828
647 -40 -1.562500 -1.964844
648 -41 -1.601563 -2.003906
649 -43 -1.679688 -2.041016
650 -43 -1.679688 -2.076172
651 -45 -1.757813 -2.113281
652 -46 -1.796875 -2.148438
653 -47 -1.835938 -2.181641
654 -48 -1.875000 -2.214844
655 -49 -1.914063 -2.246094
656 -51 -1.992188 -2.275391
657 -51 -1.992188 -2.302734
658 -52 -2.031250 -2.330078
659 -53 -2.070313 -2.355469
660 -54 -2.109375 -2.380859
661 -55 -2.148438 -2.404297
662 -56 -2.187500 -2.425781
663 -57 -2.226563 -2.445313
664 -58 -2.265625 -2.462891
665 -58 -2.265625 -2.478516
666 -59 -2.304688 -2.494141
667 -60 -2.343750 -2.507813
668 -60 -2.343750 -2.519531
669 -61 -2.382813 -2.531250
670 -62 -2.421875 -2.541016
671 -63 -2.460938 -2.548828
672 -63 -2.460938 -2.552734
673 -64 -2.500000 -2.556641
674 -64 -2.500000 -2.558594
675 -64 -2.500000 -2.560547
676 -65 -2.539063 -2.560547
677 -65 -2.539063 -2.558594
678 -65 -2.539063 -2.554688
679 -66 -2.578125 -2.550781
680 -66 -2.578125 -2.544922
681 -66 -2.578125 -2.537109
682 -66 -2.578125 -2.527344
683 -66 -2.578125 -2.515625
684 -66 -2.578125 -2.501953
685 -66 -2.578125 -2.488281
686 -66 -2.578125 -2.472656
687 -66 -2.578125 -2.455078
688 -66 -2.578125 -2.437500
689 -66 -2.578125 -2.417969
690 -66 -2.578125 -2.396484
691 -65 -2.539063 -2.373047
692 -65 -2.539063 -2.349609
693 -65 -2.539063 -2.324219
694 -65 -2.539063 -2.296875
695 -64 -2.500000 -2.267578
696 -64 -2.500000 -2.238281
697 -63 -2.460938 -2.207031
698 -63 -2.460938 -2.173828
699 -63 -2.460938 -2.140625
700 -62 -2.421875 -2.105469
701 -61 -2.382813 -2.068359
702 -60 -2.343750 -2.031250
703 -59 -2.304688 -1.994141
704 -59 -2.304688 -1.957031
705 -58 -2.265625 -1.916016
706 -57 -2.226563 -1.875000
707 -57 -2.226563 -1.832031
708 -56 -2.187500 -1.787109
709 -55 -2.148438 -1.740234
710 -54 -2.109375 -1.693359
711 -53 -2.070313 -1.646484
712 -52 -2.031250 -1.599609
713 -51 -1.992188 -1.550781
714 -50 -1.953125 -1.500000
715 -49 -1.914063 -1.449219
716 -48 -1.875000 -1.396484
717 -46 -1.796875 -1.343750
718 -46 -1.796875 -1.291016
719 -45 -1.757813 -1.234375
720 -43 -1.679688 -1.177734
721 -42 -1.640625 -1.121094
722 -41 -1.601563 -1.064453
723 -40 -1.562500 -1.005859
724 -38 -1.484375 -0.947266
725 -37 -1.445313 -0.888672
726 -35 -1.367188 -0.828125
727 -34 -1.328125 -0.769531
728 -32 -1.250000 -0.708984
729 -31 -1.210938 -0.648438
730 -30 -1.171875 -0.587891
731 -29 -1.132813 -0.525391
732 -27 -1.054688 -0.462891
733 -25 -0.976563 -0.400391
734 -24 -0.937500 -0.339844
735 -22 -0.859375 -0.277344
736 -21 -0.820313 -0.214844
737 -19 -0.742188 -0.152344
738 -17 -0.664063 -0.089844
739 -16 -0.625000 -0.027344
740 -14 -0.546875 0.035156
741 -13 -0.507813 0.095703
742 -11 -0.429688 0.158203
743 -10 -0.390625 0.220703
744 -8 -0.312500 0.283203
745 -6 -0.234375 0.345703
746 -5 -0.195313 0.406250
747 -3 -0.117188 0.466797
748 -1 -0.039063 0.525391
749 0 0.000000 0.583984
750 2 0.078125 0.642578
751 3 0.117188 0.701172
752 5 0.195313 0.761719
753 6 0.234375 0.818359
754 8 0.312500 0.876953
755 10 0.390625 0.933594
756 11 0.429688 0.988281
757 13 0.507813 1.042969
758 15 0.585938 1.095703
759 16 0.625000 1.148438
760 17 0.664063 1.201172
761 19 0.742188 1.253906
762 21 0.820313 1.304688
763 22 0.859375 1.353516
764 24 0.937500 1.402344
765 25 0.976563 1.449219
766 26 1.015625 1.496094
767 27 1.054688 1.542969
768 29 1.132813 1.589844
769 30 1.171875 1.634766
770 32 1.250000 1.677734
771 34 1.328125 1.718750
772 34 1.328125 1.757813
773 36 1.406250 1.798828
774 37 1.445313 1.835938
775 38 1.484375 1.873047
776 39 1.523438 1.910156
777 40 1.562500 1.945313
778 42 1.640625 1.980469
779 43 1.679688 2.011719
780 44 1.718750 2.042969
781 45 1.757813 2.072266
782 46 1.796875 2.101563
783 47 1.835938 2.128906
784 48 1.875000 2.154297
785 49 1.914063 2.177734
786 50 1.953125 2.201172
787 51 1.992188 2.222656
788 52 2.031250 2.242188
789 52 2.031250 2.259766
790 53 2.070313 2.277344
791 54 2.109375 2.292969
792 55 2.148438 2.306641
793 55 2.148438 2.318359
794 56 2.187500 2.330078
795 57 2.226563 2.339844
796 57 2.226563 2.345703
797 58 2.265625 2.351563
798 58 2.265625 2.355469
799 59 2.304688 2.357422
800 59 2.304688 2.359375
801 60 2.343750 2.359375
802 60 2.343750 2.357422
803 60 2.343750 2.353516
804 60 2.343750 2.349609
805 61 2.382813 2.343750
806 61 2.382813 2.335938
807 61 2.382813 2.326172
808 61 2.382813 2.314453
809 61 2.382813 2.302734
810 61 2.382813 2.289063
811 61 2.382813 2.273438
812 61 2.382813 2.255859
813 61 2.382813 2.236328
814 61 2.382813 2.216797
815 60 2.343750 2.195313
816 60 2.343750 2.173828
817 60 2.343750 2.150391
818 59 2.304688 2.125000
819 60 2.343750 2.099609
820 59 2.304688 2.070313
821 59 2.304688 2.041016
822 58 2.265625 2.009766
823 58 2.265625 1.978516
824 57 2.226563 1.943359
825 57 2.226563 1.908203
826 56 2.187500 1.871094
827 55 2.148438 1.832031
828 55 2.148438 1.792969
829 54 2.109375 1.751953
830 53 2.070313 1.710938
831 52 2.031250 1.669922
832 51 1.992188 1.628906
833 51 1.992188 1.585938
834 50 1.953125 1.541016
835 49 1.914063 1.494141
836 48 1.875000 1.445313
837 47 1.835938 1.396484
838 46 1.796875 1.347656
839 45 1.757813 1.298828
840 44 1.718750 1.248047
841 43 1.679688 1.195313
842 42 1.640625 1.142578
843 40 1.562500 1.087891
844 39 1.523438 1.035156
845 38 1.484375 0.980469
846 36 1.406250 0.925781
847 35 1.367188 0.871094
848 34 1.328125 0.814453
849 33 1.289063 0.755859
850 32 1.250000 0.697266
851 31 1.210938 0.638672
852 29 1.132813 0.578125
853 28 1.093750 0.517578
854 26 1.015625 0.457031
855 24 0.937500 0.396484
856 23 0.898438 0.335938
857 22 0.859375 0.275391
858 21 0.820313 0.212891
859 19 0.742188 0.150391
860 17 0.664063 0.087891
861 16 0.625000 0.027344
862 14 0.546875 -0.035156
863 13 0.507813 -0.097656
864 11 0.429688 -0.160156
865 10 0.390625 -0.222656
866 8 0.312500 -0.287109
867 6 0.234375 -0.349609
868 4 0.156250 -0.412109
869 3 0.117188 -0.472656
870 2 0.078125 -0.533203
871 0 0.000000 -0.595703
872 -2 -0.078125 -0.658203
873 -3 -0.117188 -0.718750
874 -5 -0.195313 -0.779297
875 -7 -0.273438 -0.837891
876 -8 -0.312500 -0.894531
877 -10 -0.390625 -0.953125
878 -11 -0.429688 -1.011719
879 -13 -0.507813 -1.070313
880 -14 -0.546875 -1.128906
881 -16 -0.625000 -1.187500
882 -18 -0.703125 -1.244141
883 -19 -0.742188 -1.298828
884 -21 -0.820313 -1.353516
885 -23 -0.898438 -1.406250
886 -24 -0.937500 -1.457031
887 -26 -1.015625 -1.509766
888 -27 -1.054688 -1.558594
889 -28 -1.093750 -1.607422
890 -30 -1.171875 -1.658203
891 -32 -1.250000 -1.705078
892 -33 -1.289063 -1.750000
893 -34 -1.328125 -1.794922
894 -35 -1.367188 -1.837891
895 -36 -1.406250 -1.880859
896 -38 -1.484375 -1.923828
897 -40 -1.562500 -1.964844
898 -41 -1.601563 -2.001953
899 -43 -1.679688 -2.039063
900 -44 -1.718750 -2.074219
901 -45 -1.757813 -2.109375
902 -46 -1.796875 -2.142578
903 -47 -1.835938 -2.175781
904 -48 -1.875000 -2.208984
905 -49 -1.914063 -2.240234
906 -51 -1.992188 -2.271484
907 -51 -1.992188 -2.298828
908 -52 -2.031250 -2.326172
909 -54 -2.109375 -2.353516
910 -54 -2.109375 -2.375000
911 -55 -2.148438 -2.398438
912 -56 -2.187500 -2.419922
913 -56 -2.187500 -2.439453
914 -57 -2.226563 -2.458984
915 -58 -2.265625 -2.476563
916 -59 -2.304688 -2.492188
917 -59 -2.304688 -2.505859
918 -60 -2.343750 -2.519531
919 -61 -2.382813 -2.531250
920 -62 -2.421875 -2.541016
921 -62 -2.421875 -2.548828
922 -63 -2.460938 -2.556641
923 -64 -2.500000 -2.562500
924 -64 -2.500000 -2.564453
925 -65 -2.539063 -2.564453
926 -65 -2.539063 -2.562500
927 -65 -2.539063 -2.560547
928 -66 -2.578125 -2.556641
929 -65 -2.539063 -2.550781
930 -66 -2.578125 -2.544922
931 -66 -2.578125 -2.535156
932 -66 -2.578125 -2.523438
933 -66 -2.578125 -2.511719
934 -66 -2.578125 -2.500000
935 -66 -2.578125 -2.486328
936 -66 -2.578125 -2.470703
937 -66 -2.578125 -2.455078
938 -66 -2.578125 -2.437500
939 -66 -2.578125 -2.417969
940 -66 -2.578125 -2.396484
941 -66 -2.578125 -2.373047
942 -66 -2.578125 -2.347656
943 -65 -2.539063 -2.320313
944 -64 -2.500000 -2.292969
945 -64 -2.500000 -2.265625
946 -64 -2.500000 -2.236328
947 -63 -2.460938 -2.205078
948 -63 -2.460938 -2.173828
949 -62 -2.421875 -2.140625
950 -61 -2.382813 -2.107422
951 -60 -2.343750 -2.072266
952 -60 -2.343750 -2.039063
953 -60 -2.343750 -2.001953
954 -59 -2.304688 -1.960938
955 -58 -2.265625 -1.919922
956 -58 -2.265625 -1.876953
957 -57 -2.226563 -1.832031
958 -56 -2.187500 -1.787109
959 -55 -2.148438 -1.742188
960 -54 -2.109375 -1.697266
961 -53 -2.070313 -1.648438
962 -52 -2.031250 -1.599609
963 -51 -1.992188 -1.550781
964 -50 -1.953125 -1.500000
965 -49 -1.914063 -1.449219
966 -48 -1.875000 -1.396484
967 -47 -1.835938 -1.343750
968 -46 -1.796875 -1.289063
969 -45 -1.757813 -1.234375
970 -43 -1.679688 -1.177734
971 -43 -1.679688 -1.121094
972 -41 -1.601563 -1.062500
973 -39 -1.523438 -1.003906
974 -38 -1.484375 -0.947266
975 -36 -1.406250 -0.888672
976 -35 -1.367188 -0.830078
977 -34 -1.328125 -0.771484
978 -33 -1.289063 -0.710938
979 -32 -1.250000 -0.650391
980 -29 -1.132813 -0.587891
981 -28 -1.093750 -0.527344
982 -27 -1.054688 -0.466797
983 -25 -0.976563 -0.404297
984 -24 -0.937500 -0.343750
985 -22 -0.859375 -0.281250
986 -21 -0.820313 -0.218750
987 -19 -0.742188 -0.154297
988 -18 -0.703125 -0.091797
989 -16 -0.625000 -0.029297
990 -14 -0.546875 0.033203
991 -13 -0.507813 0.093750
992 -11 -0.429688 0.154297
993 -10 -0.390625 0.216797
994 -8 -0.312500 0.279297
995 -6 -0.234375 0.341797
996 -5 -0.195313 0.402344
997 -3 -0.117188 0.462891
998 -2 -0.078125 0.521484
999 0 0.000000 0.582031
1000 2 0.078125 0.642578
1001 3 0.117188 0.701172
1002 5 0.195313 0.759766
1003 6 0.234375 0.816406
1004 8 0.312500 0.875000
1005 10 0.390625 0.931641
1006 12 0.468750 0.986328
1007 13 0.507813 1.039063
1008 14 0.546875 1.093750
1009 16 0.625000 1.148438
1010 17 0.664063 1.201172
1011 18 0.703125 1.253906
1012 21 0.820313 1.306641
1013 22 0.859375 1.355469
1014 24 0.937500 1.404297
1015 25 0.976563 1.451172
1016 26 1.015625 1.498047
1017 27 1.054688 1.544922
1018 29 1.132813 1.589844
1019 31 1.210938 1.634766
1020 32 1.250000 1.675781
1021 33 1.289063 1.718750
1022 34 1.328125 1.759766
1023 36 1.406250 1.800781
1024 37 1.445313 1.837891
1025 38 1.484375 1.875000
1026 39 1.523438 1.912109
1027 41 1.601563 1.947266
1028 42 1.640625 1.980469
1029 43 1.679688 2.011719
1030 44 1.718750 2.042969
1031 45 1.757813 2.072266
1032 46 1.796875 2.101563
1033 47 1.835938 2.128906
1034 48 1.875000 2.154297
1035 49 1.914063 2.177734
1036 50 1.953125 2.201172
1037 50 1.953125 2.222656
1038 52 2.031250 2.244141
1039 52 2.031250 2.261719
1040 54 2.109375 2.279297
1041 54 2.109375 2.292969
1042 55 2.148438 2.308594
1043 55 2.148438 2.320313
1044 56 2.187500 2.332031
1045 57 2.226563 2.341797
1046 57 2.226563 2.349609
1047 58 2.265625 2.357422
1048 58 2.265625 2.361328
1049 59 2.304688 2.365234
1050 59 2.304688 2.365234
1051 60 2.343750 2.365234
1052 60 2.343750 2.363281
1053 60 2.343750 2.359375
1054 60 2.343750 2.355469
1055 61 2.382813 2.351563
1056 61 2.382813 2.341797
1057 61 2.382813 2.332031
1058 61 2.382813 2.320313
1059 61 2.382813 2.308594
1060 61 2.382813 2.294922
1061 62 2.421875 2.281250
1062 61 2.382813 2.261719
1063 61 2.382813 2.242188
1064 61 2.382813 2.222656
1065 61 2.382813 2.201172
1066 61 2.382813 2.175781
1067 60 2.343750 2.150391
1068 60 2.343750 2.125000
1069 59 2.304688 2.097656
1070 59 2.304688 2.070313
1071 59 2.304688 2.041016
1072 58 2.265625 2.009766
1073 58 2.265625 1.978516
1074 58 2.265625 1.945313
1075 56 2.187500 1.908203
1076 56 2.187500 1.873047
1077 55 2.148438 1.835938
1078 55 2.148438 1.796875
1079 54 2.109375 1.755859
1080 54 2.109375 1.714844
1081 52 2.031250 1.671875
1082 51 1.992188 1.630859
1083 51 1.992188 1.587891
1084 50 1.953125 1.541016
1085 48 1.875000 1.494141
1086 48 1.875000 1.449219
1087 47 1.835938 1.400391
1088 46 1.796875 1.351563
1089 45 1.757813 1.302734
1090 44 1.718750 1.251953
1091 43 1.679688 1.199219
1092 42 1.640625 1.144531
1093 41 1.601563 1.089844
1094 39 1.523438 1.035156
1095 38 1.484375 0.980469
1096 37 1.445313 0.923828
1097 35 1.367188 0.867188
1098 34 1.328125 0.810547
1099 33 1.289063 0.753906
1100 32 1.250000 0.695313
1101 31 1.210938 0.634766
1102 29 1.132813 0.574219
1103 27 1.054688 0.515625
1104 26 1.015625 0.457031
1105 25 0.976563 0.396484
1106 23 0.898438 0.333984
1107 22 0.859375 0.273438
1108 21 0.820313 0.210938
1109 19 0.742188 0.146484
1110 17 0.664063 0.083984
1111 15 0.585938 0.021484
1112 14 0.546875 -0.041016
1113 13 0.507813 -0.103516
1114 11 0.429688 -0.166016
1115 9 0.351563 -0.228516
1116 8 0.312500 -0.291016
1117 6 0.234375 -0.353516
1118 5 0.195313 -0.414063
1119 3 0.117188 -0.476563
1120 1 0.039063 -0.539063
1121 0 0.000000 -0.599609
1122 -1 -0.039063 -0.660156
1123 -3 -0.117188 -0.722656
1124 -5 -0.195313 -0.783203
1125 -7 -0.273438 -0.843750
1126 -8 -0.312500 -0.902344
1127 -10 -0.390625 -0.960938
1128 -12 -0.468750 -1.019531
1129 -13 -0.507813 -1.076172
1130 -15 -0.585938 -1.132813
1131 -17 -0.664063 -1.187500
1132 -18 -0.703125 -1.242188
1133 -19 -0.742188 -1.296875
1134 -21 -0.820313 -1.351563
1135 -23 -0.898438 -1.404297
1136 -24 -0.937500 -1.455078
1137 -25 -0.976563 -1.507813
1138 -27 -1.054688 -1.558594
1139 -29 -1.132813 -1.607422
1140 -30 -1.171875 -1.654297
1141 -31 -1.210938 -1.703125
1142 -33 -1.289063 -1.750000
1143 -34 -1.328125 -1.794922
1144 -36 -1.406250 -1.839844
1145 -37 -1.445313 -1.880859
1146 -38 -1.484375 -1.921875
1147 -40 -1.562500 -1.962891
1148 -41 -1.601563 -2.001953
1149 -42 -1.640625 -2.039063
1150 -43 -1.679688 -2.076172
1151 -45 -1.757813 -2.113281
1152 -46 -1.796875 -2.148438
1153 -47 -1.835938 -2.181641
1154 -48 -1.875000 -2.214844
1155 -49 -1.914063 -2.246094
1156 -51 -1.992188 -2.277344
1157 -51 -1.992188 -2.304688
1158 -52 -2.031250 -2.332031
1159 -53 -2.070313 -2.357422
1160 -55 -2.148438 -2.382813
1161 -55 -2.148438 -2.404297
1162 -56 -2.187500 -2.425781
1163 -57 -2.226563 -2.445313
1164 -57 -2.226563 -2.462891
1165 -58 -2.265625 -2.480469
1166 -59 -2.304688 -2.496094
1167 -60 -2.343750 -2.509766
1168 -60 -2.343750 -2.521484
1169 -61 -2.382813 -2.533203
1170 -62 -2.421875 -2.542969
1171 -63 -2.460938 -2.550781
1172 -63 -2.460938 -2.556641
1173 -64 -2.500000 -2.560547
1174 -64 -2.500000 -2.562500
1175 -65 -2.539063 -2.562500
1176 -65 -2.539063 -2.560547
1177 -65 -2.539063 -2.558594
1178 -65 -2.539063 -2.554688
1179 -66 -2.578125 -2.550781
1180 -66 -2.578125 -2.542969
1181 -66 -2.578125 -2.533203
1182 -66 -2.578125 -2.523438
1183 -66 -2.578125 -2.511719
1184 -66 -2.578125 -2.498047
1185 -66 -2.578125 -2.484375
1186 -66 -2.578125 -2.468750
1187 -66 -2.578125 -2.451172
1188 -66 -2.578125 -2.433594
1189 -66 -2.578125 -2.414063
1190 -66 -2.578125 -2.392578
1191 -66 -2.578125 -2.369141
1192 -65 -2.539063 -2.343750
1193 -65 -2.539063 -2.318359
1194 -64 -2.500000 -2.292969
1195 -64 -2.500000 -2.265625
1196 -64 -2.500000 -2.234375
1197 -63 -2.460938 -2.203125
1198 -63 -2.460938 -2.171875
1199 -62 -2.421875 -2.136719
1200 -61 -2.382813 -2.101563
1201 -61 -2.382813 -2.066406
1202 -60 -2.343750 -2.029297
1203 -59 -2.304688 -1.992188
1204 -59 -2.304688 -1.955078
1205 -58 -2.265625 -1.914063
1206 -57 -2.226563 -1.873047
1207 -57 -2.226563 -1.832031
1208 -56 -2.187500 -1.787109
1209 -55 -2.148438 -1.740234
1210 -54 -2.109375 -1.693359
1211 -53 -2.070313 -1.646484
1212 -52 -2.031250 -1.597656
1213 -52 -2.031250 -1.546875
1214 -50 -1.953125 -1.496094
1215 -48 -1.875000 -1.445313
1216 -48 -1.875000 -1.394531
1217 -47 -1.835938 -1.341797
1218 -45 -1.757813 -1.287109
1219 -44 -1.718750 -1.234375
1220 -43 -1.679688 -1.179688
1221 -42 -1.640625 -1.123047
1222 -41 -1.601563 -1.066406
1223 -40 -1.562500 -1.007813
1224 -38 -1.484375 -0.949219
1225 -37 -1.445313 -0.892578
1226 -36 -1.406250 -0.832031
1227 -34 -1.328125 -0.771484
1228 -32 -1.250000 -0.710938
1229 -31 -1.210938 -0.650391
1230 -30 -1.171875 -0.589844
1231 -28 -1.093750 -0.527344
1232 -26 -1.015625 -0.466797
1233 -26 -1.015625 -0.406250
1234 -24 -0.937500 -0.343750
1235 -22 -0.859375 -0.281250
1236 -21 -0.820313 -0.218750
1237 -19 -0.742188 -0.156250
1238 -18 -0.703125 -0.093750
1239 -16 -0.625000 -0.031250
1240 -14 -0.546875 0.031250
1241 -13 -0.507813 0.091797
1242 -11 -0.429688 0.154297
1243 -10 -0.390625 0.214844
1244 -9 -0.351563 0.277344
1245 -6 -0.234375 0.339844
1246 -5 -0.195313 0.398438
1247 -3 -0.117188 0.458984
1248 -1 -0.039063 0.517578
1249 0 0.000000 0.576172
1250 2 0.078125 0.636719
1251 3 0.117188 0.695313
1252 5 0.195313 0.753906
1253 6 0.234375 0.810547
1254 8 0.312500 0.869141
1255 10 0.390625 0.925781
1256 11 0.429688 0.980469
1257 13 0.507813 1.035156
1258 14 0.546875 1.087891
1259 16 0.625000 1.142578
1260 17 0.664063 1.195313
1261 19 0.742188 1.248047
1262 20 0.781250 1.298828
1263 22 0.859375 1.349609
1264 23 0.898438 1.398438
1265 24 0.937500 1.445313
1266 26 1.015625 1.494141
1267 27 1.054688 1.541016
1268 29 1.132813 1.587891
1269 31 1.210938 1.630859
1270 32 1.250000 1.673828
1271 33 1.289063 1.714844
1272 34 1.328125 1.755859
1273 36 1.406250 1.796875
1274 37 1.445313 1.833984
1275 38 1.484375 1.871094
1276 39 1.523438 1.908203
1277 40 1.562500 1.943359
1278 42 1.640625 1.978516
1279 43 1.679688 2.009766
1280 44 1.718750 2.039063
1281 45 1.757813 2.068359
1282 46 1.796875 2.095703
1283 47 1.835938 2.123047
1284 47 1.835938 2.148438
1285 49 1.914063 2.175781
1286 50 1.953125 2.199219
1287 51 1.992188 2.220703
1288 51 1.992188 2.238281
1289 53 2.070313 2.257813
1290 53 2.070313 2.275391
1291 54 2.109375 2.291016
1292 55 2.148438 2.304688
1293 55 2.148438 2.316406
1294 56 2.187500 2.328125
1295 57 2.226563 2.337891
1296 57 2.226563 2.345703
1297 58 2.265625 2.351563
1298 58 2.265625 2.355469
1299 58 2.265625 2.359375
1300 59 2.304688 2.363281
1301 59 2.304688 2.363281
1302 60 2.343750 2.363281
1303 60 2.343750 2.361328
1304 61 2.382813 2.357422
1305 61 2.382813 2.349609
1306 61 2.382813 2.341797
1307 60 2.343750 2.332031
1308 61 2.382813 2.324219
1309 62 2.421875 2.312500
1310 61 2.382813 2.296875
1311 61 2.382813 2.281250
1312 61 2.382813 2.263672
1313 61 2.382813 2.244141
1314 61 2.382813 2.224609
1315 61 2.382813 2.203125
1316 60 2.343750 2.177734
1317 60 2.343750 2.154297
1318 60 2.343750 2.128906
1319 60 2.343750 2.101563
1320 59 2.304688 2.072266
1321 59 2.304688 2.042969
1322 59 2.304688 2.011719
1323 58 2.265625 1.978516
1324 57 2.226563 1.945313
1325 57 2.226563 1.910156
1326 56 2.187500 1.873047
1327 56 2.187500 1.835938
1328 55 2.148438 1.796875
1329 54 2.109375 1.755859
1330 53 2.070313 1.714844
1331 52 2.031250 1.673828
1332 51 1.992188 1.632813
1333 51 1.992188 1.589844
1334 50 1.953125 1.542969
1335 48 1.875000 1.496094
1336 48 1.875000 1.451172
1337 47 1.835938 1.402344
1338 46 1.796875 1.353516
1339 45 1.757813 1.304688
1340 44 1.718750 1.253906
1341 43 1.679688 1.201172
1342 42 1.640625 1.148438
1343 41 1.601563 1.093750
1344 39 1.523438 1.039063
1345 38 1.484375 0.984375
1346 37 1.445313 0.929688
1347 36 1.406250 0.873047
1348 34 1.328125 0.814453
1349 33 1.289063 0.757813
1350 32 1.250000 0.699219
1351 31 1.210938 0.640625
1352 29 1.132813 0.580078
1353 27 1.054688 0.521484
1354 26 1.015625 0.462891
1355 25 0.976563 0.402344
1356 23 0.898438 0.339844
1357 22 0.859375 0.277344
1358 21 0.820313 0.214844
1359 19 0.742188 0.150391
1360 17 0.664063 0.087891
1361 16 0.625000 0.025391
1362 14 0.546875 -0.039063
1363 13 0.507813 -0.101563
1364 11 0.429688 -0.166016
1365 10 0.390625 -0.228516
1366 8 0.312500 -0.291016
1367 6 0.234375 -0.353516
1368 5 0.195313 -0.416016
1369 3 0.117188 -0.478516
1370 2 0.078125 -0.541016
1371 0 0.000000 -0.603516
1372 -1 -0.039063 -0.666016
1373 -3 -0.117188 -0.728516
1374 -5 -0.195313 -0.789063
1375 -7 -0.273438 -0.849609
1376 -9 -0.351563 -0.908203
1377 -10 -0.390625 -0.964844
1378 -12 -0.468750 -1.023438
1379 -13 -0.507813 -1.080078
1380 -15 -0.585938 -1.136719
1381 -17 -0.664063 -1.193359
1382 -18 -0.703125 -1.248047
1383 -20 -0.781250 -1.302734
1384 -21 -0.820313 -1.355469
1385 -22 -0.859375 -1.408203
1386 -24 -0.937500 -1.460938
1387 -26 -1.015625 -1.511719
1388 -27 -1.054688 -1.560547
1389 -29 -1.132813 -1.609375
1390 -30 -1.171875 -1.656250
1391 -32 -1.250000 -1.703125
1392 -33 -1.289063 -1.748047
1393 -34 -1.328125 -1.792969
1394 -36 -1.406250 -1.837891
1395 -37 -1.445313 -1.878906
1396 -38 -1.484375 -1.921875
1397 -40 -1.562500 -1.962891
1398 -41 -1.601563 -2.001953
1399 -42 -1.640625 -2.039063
1400 -44 -1.718750 -2.076172
1401 -45 -1.757813 -2.111328
1402 -46 -1.796875 -2.146484
1403 -47 -1.835938 -2.179688
1404 -48 -1.875000 -2.210938
1405 -49 -1.914063 -2.242188
1406 -50 -1.953125 -2.271484
1407 -51 -1.992188 -2.300781
1408 -52 -2.031250 -2.328125
1409 -53 -2.070313 -2.353516
1410 -54 -2.109375 -2.378906
1411 -55 -2.148438 -2.402344
1412 -56 -2.187500 -2.423828
1413 -57 -2.226563 -2.443359
1414 -57 -2.226563 -2.460938
1415 -59 -2.304688 -2.478516
1416 -59 -2.304688 -2.492188
1417 -60 -2.343750 -2.505859
1418 -60 -2.343750 -2.519531
1419 -61 -2.382813 -2.529297
1420 -62 -2.421875 -2.539063
1421 -63 -2.460938 -2.546875
1422 -63 -2.460938 -2.552734
1423 -63 -2.460938 -2.556641
1424 -64 -2.500000 -2.560547
1425 -64 -2.500000 -2.560547
1426 -65 -2.539063 -2.562500
1427 -65 -2.539063 -2.560547
1428 -65 -2.539063 -2.556641
1429 -66 -2.578125 -2.552734
1430 -66 -2.578125 -2.544922
1431 -66 -2.578125 -2.535156
1432 -66 -2.578125 -2.525391
1433 -66 -2.578125 -2.513672
1434 -66 -2.578125 -2.501953
1435 -66 -2.578125 -2.488281
1436 -66 -2.578125 -2.472656
1437 -67 -2.617188 -2.457031
1438 -65 -2.539063 -2.437500
1439 -66 -2.578125 -2.419922
1440 -66 -2.578125 -2.398438
1441 -66 -2.578125 -2.375000
1442 -65 -2.539063 -2.349609
1443 -65 -2.539063 -2.324219
1444 -64 -2.500000 -2.296875
1445 -65 -2.539063 -2.269531
1446 -64 -2.500000 -2.238281
1447 -63 -2.460938 -2.205078
1448 -63 -2.460938 -2.171875
1449 -62 -2.421875 -2.138672
1450 -61 -2.382813 -2.105469
1451 -61 -2.382813 -2.070313
1452 -60 -2.343750 -2.033203
1453 -60 -2.343750 -1.996094
1454 -59 -2.304688 -1.957031
1455 -58 -2.265625 -1.916016
1456 -58 -2.265625 -1.875000
1457 -57 -2.226563 -1.830078
1458 -56 -2.187500 -1.787109
1459 -55 -2.148438 -1.742188
1460 -54 -2.109375 -1.695313
1461 -53 -2.070313 -1.648438
1462 -52 -2.031250 -1.599609
1463 -51 -1.992188 -1.550781
1464 -50 -1.953125 -1.500000
1465 -49 -1.914063 -1.449219
1466 -47 -1.835938 -1.396484
1467 -46 -1.796875 -1.345703
1468 -46 -1.796875 -1.292969
1469 -45 -1.757813 -1.236328
1470 -43 -1.679688 -1.179688
1471 -42 -1.640625 -1.125000
1472 -41 -1.601563 -1.068359
1473 -40 -1.562500 -1.009766
1474 -38 -1.484375 -0.949219
1475 -37 -1.445313 -0.890625
1476 -35 -1.367188 -0.832031
1477 -35 -1.367188 -0.773438
1478 -33 -1.289063 -0.710938
1479 -31 -1.210938 -0.648438
1480 -30 -1.171875 -0.587891
1481 -28 -1.093750 -0.525391
1482 -27 -1.054688 -0.464844
1483 -25 -0.976563 -0.402344
1484 -24 -0.937500 -0.339844
1485 -22 -0.859375 -0.275391
1486 -21 -0.820313 -0.212891
1487 -19 -0.742188 -0.150391
1488 -17 -0.664063 -0.087891
1489 -16 -0.625000 -0.025391
1490 -15 -0.585938 0.037109
1491 -13 -0.507813 0.099609
1492 -11 -0.429688 0.162109
1493 -9 -0.351563 0.222656
1494 -8 -0.312500 0.283203
1495 -7 -0.273438 0.345703
1496 -5 -0.195313 0.408203
1497 -3 -0.117188 0.468750
1498 -1 -0.039063 0.527344
1499 0 0.000000 0.585938
1500 2 0.078125 0.646484
1501 3 0.117188 0.705078
1502 5 0.195313 0.763672
1503 7 0.273438 0.820313
1504 9 0.351563 0.875000
1505 10 0.390625 0.929688
1506 11 0.429688 0.984375
1507 13 0.507813 1.039063
1508 15 0.585938 1.091797
1509 16 0.625000 1.142578
1510 17 0.664063 1.195313
1511 19 0.742188 1.248047
1512 20 0.781250 1.298828
1513 22 0.859375 1.349609
1514 24 0.937500 1.398438
1515 25 0.976563 1.445313
1516 26 1.015625 1.492188
1517 27 1.054688 1.537109
1518 29 1.132813 1.583984
1519 31 1.210938 1.628906
1520 32 1.250000 1.669922
1521 33 1.289063 1.710938
1522 34 1.328125 1.751953
1523 35 1.367188 1.792969
1524 37 1.445313 1.832031
1525 38 1.484375 1.869141
1526 39 1.523438 1.906250
1527 40 1.562500 1.943359
1528 41 1.601563 1.978516
1529 43 1.679688 2.011719
1530 44 1.718750 2.042969
1531 45 1.757813 2.074219
1532 46 1.796875 2.103516
1533 47 1.835938 2.130859
1534 48 1.875000 2.158203
1535 49 1.914063 2.183594
1536 49 1.914063 2.207031
1537 51 1.992188 2.230469
1538 52 2.031250 2.250000
1539 52 2.031250 2.267578
1540 53 2.070313 2.285156
1541 54 2.109375 2.300781
1542 55 2.148438 2.314453
1543 55 2.148438 2.326172
1544 56 2.187500 2.337891
1545 57 2.226563 2.347656
1546 58 2.265625 2.355469
1547 58 2.265625 2.359375
1548 58 2.265625 2.363281
1549 59 2.304688 2.367188
1550 60 2.343750 2.367188
1551 60 2.343750 2.365234
1552 60 2.343750 2.361328
1553 61 2.382813 2.357422
1554 61 2.382813 2.351563
1555 61 2.382813 2.343750
1556 61 2.382813 2.335938
1557 61 2.382813 2.326172
1558 61 2.382813 2.314453
1559 61 2.382813 2.302734
1560 61 2.382813 2.289063
1561 61 2.382813 2.275391
1562 61 2.382813 2.259766
1563 61 2.382813 2.242188
1564 61 2.382813 2.220703
1565 61 2.382813 2.199219
1566 60 2.343750 2.175781
1567 60 2.343750 2.152344
1568 60 2.343750 2.126953
1569 59 2.304688 2.099609
1570 59 2.304688 2.070313
1571 58 2.265625 2.041016
1572 58 2.265625 2.011719
1573 58 2.265625 1.980469
1574 57 2.226563 1.947266
1575 57 2.226563 1.912109
1576 56 2.187500 1.875000
1577 55 2.148438 1.837891
1578 55 2.148438 1.798828
1579 54 2.109375 1.759766
1580 54 2.109375 1.720703
1581 53 2.070313 1.677734
1582 52 2.031250 1.634766
1583 50 1.953125 1.589844
1584 50 1.953125 1.546875
1585 49 1.914063 1.500000
1586 48 1.875000 1.453125
1587 47 1.835938 1.404297
1588 46 1.796875 1.355469
1589 44 1.718750 1.306641
1590 44 1.718750 1.257813
1591 43 1.679688 1.205078
1592 42 1.640625 1.150391
1593 41 1.601563 1.095703
1594 39 1.523438 1.041016
1595 38 1.484375 0.986328
1596 37 1.445313 0.931641
1597 35 1.367188 0.875000
1598 35 1.367188 0.818359
1599 34 1.328125 0.759766
1600 32 1.250000 0.699219
1601 31 1.210938 0.640625
1602 29 1.132813 0.580078
1603 28 1.093750 0.519531
1604 26 1.015625 0.458984
1605 25 0.976563 0.398438
1606 23 0.898438 0.335938
1607 22 0.859375 0.275391
1608 21 0.820313 0.212891
1609 19 0.742188 0.150391
1610 17 0.664063 0.087891
1611 15 0.585938 0.027344
1612 14 0.546875 -0.033203
1613 13 0.507813 -0.095703
1614 11 0.429688 -0.158203
1615 10 0.390625 -0.220703
1616 8 0.312500 -0.283203
1617 6 0.234375 -0.345703
1618 5 0.195313 -0.406250
1619 3 0.117188 -0.468750
1620 2 0.078125 -0.529297
1621 0 0.000000 -0.591797
1622 -2 -0.078125 -0.652344
1623 -3 -0.117188 -0.712891
1624 -5 -0.195313 -0.773438
1625 -7 -0.273438 -0.832031
1626 -8 -0.312500 -0.888672
1627 -10 -0.390625 -0.947266
1628 -11 -0.429688 -1.003906
1629 -13 -0.507813 -1.062500
1630 -14 -0.546875 -1.119141
1631 -16 -0.625000 -1.175781
1632 -18 -0.703125 -1.232422
1633 -19 -0.742188 -1.287109
1634 -21 -0.820313 -1.339844
1635 -22 -0.859375 -1.392578
1636 -24 -0.937500 -1.445313
1637 -25 -0.976563 -1.496094
1638 -27 -1.054688 -1.546875
1639 -28 -1.093750 -1.595703
1640 -30 -1.171875 -1.644531
1641 -31 -1.210938 -1.693359
1642 -33 -1.289063 -1.740234
1643 -34 -1.328125 -1.785156
1644 -35 -1.367188 -1.828125
1645 -36 -1.406250 -1.873047
1646 -38 -1.484375 -1.916016
1647 -39 -1.523438 -1.957031
1648 -41 -1.601563 -1.998047
1649 -42 -1.640625 -2.035156
1650 -43 -1.679688 -2.072266
1651 -45 -1.757813 -2.109375
1652 -46 -1.796875 -2.144531
1653 -46 -1.796875 -2.177734
1654 -48 -1.875000 -2.210938
1655 -49 -1.914063 -2.242188
1656 -50 -1.953125 -2.273438
1657 -51 -1.992188 -2.302734
1658 -52 -2.031250 -2.330078
1659 -53 -2.070313 -2.355469
1660 -55 -2.148438 -2.380859
1661 -55 -2.148438 -2.402344
1662 -56 -2.187500 -2.423828
1663 -56 -2.187500 -2.443359
1664 -58 -2.265625 -2.462891
1665 -58 -2.265625 -2.478516
1666 -59 -2.304688 -2.494141
1667 -60 -2.343750 -2.507813
1668 -60 -2.343750 -2.519531
1669 -61 -2.382813 -2.531250
1670 -62 -2.421875 -2.541016
1671 -63 -2.460938 -2.546875
1672 -63 -2.460938 -2.550781
1673 -63 -2.460938 -2.554688
1674 -64 -2.500000 -2.558594
1675 -65 -2.539063 -2.560547
1676 -65 -2.539063 -2.558594
1677 -65 -2.539063 -2.554688
1678 -65 -2.539063 -2.550781
1679 -66 -2.578125 -2.546875
1680 -66 -2.578125 -2.539063
1681 -66 -2.578125 -2.531250
1682 -66 -2.578125 -2.521484
1683 -66 -2.578125 -2.509766
1684 -66 -2.578125 -2.498047
1685 -66 -2.578125 -2.484375
1686 -66 -2.578125 -2.468750
1687 -66 -2.578125 -2.451172
1688 -66 -2.578125 -2.431641
1689 -66 -2.578125 -2.412109
1690 -65 -2.539063 -2.390625
1691 -65 -2.539063 -2.369141
1692 -65 -2.539063 -2.345703
1693 -65 -2.539063 -2.320313
1694 -65 -2.539063 -2.292969
1695 -64 -2.500000 -2.263672
1696 -63 -2.460938 -2.234375
1697 -63 -2.460938 -2.203125
1698 -63 -2.460938 -2.169922
1699 -62 -2.421875 -2.134766
1700 -62 -2.421875 -2.099609
1701 -61 -2.382813 -2.064453
1702 -60 -2.343750 -2.027344
1703 -60 -2.343750 -1.990234
1704 -59 -2.304688 -1.951172
1705 -58 -2.265625 -1.910156
1706 -57 -2.226563 -1.869141
1707 -56 -2.187500 -1.828125
1708 -56 -2.187500 -1.785156
1709 -55 -2.148438 -1.740234
1710 -54 -2.109375 -1.693359
1711 -53 -2.070313 -1.646484
1712 -52 -2.031250 -1.597656
1713 -51 -1.992188 -1.546875
1714 -50 -1.953125 -1.496094
1715 -49 -1.914063 -1.445313
1716 -47 -1.835938 -1.394531
1717 -46 -1.796875 -1.343750
1718 -45 -1.757813 -1.291016
1719 -44 -1.718750 -1.238281
1720 -44 -1.718750 -1.183594
1721 -42 -1.640625 -1.126953
1722 -41 -1.601563 -1.070313
1723 -40 -1.562500 -1.011719
1724 -38 -1.484375 -0.953125
1725 -37 -1.445313 -0.894531
1726 -36 -1.406250 -0.835938
1727 -34 -1.328125 -0.775391
1728 -33 -1.289063 -0.714844
1729 -31 -1.210938 -0.652344
1730 -30 -1.171875 -0.591797
1731 -28 -1.093750 -0.529297
1732 -26 -1.015625 -0.468750
1733 -25 -0.976563 -0.408203
1734 -24 -0.937500 -0.347656
1735 -23 -0.898438 -0.285156
1736 -21 -0.820313 -0.220703
1737 -19 -0.742188 -0.158203
1738 -18 -0.703125 -0.095703
1739 -16 -0.625000 -0.033203
1740 -15 -0.585938 0.029297
1741 -13 -0.507813 0.091797
1742 -11 -0.429688 0.152344
1743 -10 -0.390625 0.214844
1744 -8 -0.312500 0.277344
1745 -7 -0.273438 0.339844
1746 -5 -0.195313 0.402344
1747 -3 -0.117188 0.462891
1748 -1 -0.039063 0.521484
1749 0 0.000000 0.580078
1750 2 0.078125 0.640625
1751 3 0.117188 0.699219
1752 5 0.195313 0.757813
1753 6 0.234375 0.814453
1754 8 0.312500 0.871094
1755 10 0.390625 0.929688
1756 11 0.429688 0.984375
1757 13 0.507813 1.039063
1758 14 0.546875 1.091797
1759 16 0.625000 1.144531
1760 17 0.664063 1.197266
1761 18 0.703125 1.251953
1762 21 0.820313 1.304688
1763 22 0.859375 1.353516
1764 24 0.937500 1.402344
1765 25 0.976563 1.449219
1766 26 1.015625 1.496094
1767 27 1.054688 1.542969
1768 29 1.132813 1.589844
1769 31 1.210938 1.634766
1770 32 1.250000 1.675781
1771 33 1.289063 1.718750
1772 34 1.328125 1.759766
1773 35 1.367188 1.800781
1774 38 1.484375 1.841797
1775 38 1.484375 1.876953
1776 39 1.523438 1.914063
1777 40 1.562500 1.949219
1778 41 1.601563 1.984375
1779 43 1.679688 2.017578
1780 45 1.757813 2.048828
1781 45 1.757813 2.076172
1782 46 1.796875 2.105469
1783 47 1.835938 2.130859
1784 48 1.875000 2.156250
1785 49 1.914063 2.179688
1786 50 1.953125 2.203125
1787 51 1.992188 2.224609
1788 52 2.031250 2.244141
1789 52 2.031250 2.261719
1790 54 2.109375 2.279297
1791 54 2.109375 2.292969
1792 55 2.148438 2.306641
1793 56 2.187500 2.318359
1794 56 2.187500 2.328125
1795 57 2.226563 2.337891
1796 57 2.226563 2.345703
1797 58 2.265625 2.351563
1798 58 2.265625 2.355469
1799 59 2.304688 2.359375
1800 59 2.304688 2.359375
1801 60 2.343750 2.359375
1802 59 2.304688 2.355469
1803 60 2.343750 2.353516
1804 60 2.343750 2.349609
1805 61 2.382813 2.345703
1806 61 2.382813 2.337891
1807 61 2.382813 2.328125
1808 61 2.382813 2.316406
1809 61 2.382813 2.304688
1810 61 2.382813 2.291016
1811 61 2.382813 2.277344
1812 61 2.382813 2.261719
1813 61 2.382813 2.244141
1814 61 2.382813 2.222656
1815 61 2.382813 2.201172
1816 60 2.343750 2.177734
1817 60 2.343750 2.154297
1818 60 2.343750 2.126953
1819 59 2.304688 2.099609
1820 59 2.304688 2.072266
1821 58 2.265625 2.042969
1822 58 2.265625 2.013672
1823 58 2.265625 1.980469
1824 58 2.265625 1.945313
1825 57 2.226563 1.908203
1826 56 2.187500 1.871094
1827 55 2.148438 1.832031
1828 55 2.148438 1.792969
1829 54 2.109375 1.751953
1830 54 2.109375 1.710938
1831 53 2.070313 1.667969
1832 52 2.031250 1.625000
1833 50 1.953125 1.580078
1834 50 1.953125 1.537109
1835 49 1.914063 1.490234
1836 48 1.875000 1.443359
1837 46 1.796875 1.394531
1838 46 1.796875 1.347656
1839 45 1.757813 1.296875
1840 44 1.718750 1.246094
1841 43 1.679688 1.193359
1842 41 1.601563 1.138672
1843 40 1.562500 1.085938
1844 39 1.523438 1.033203
1845 38 1.484375 0.978516
1846 36 1.406250 0.923828
1847 35 1.367188 0.869141
1848 34 1.328125 0.812500
1849 33 1.289063 0.753906
1850 32 1.250000 0.695313
1851 31 1.210938 0.636719
1852 29 1.132813 0.576172
1853 28 1.093750 0.517578
1854 26 1.015625 0.457031
1855 25 0.976563 0.396484
1856 23 0.898438 0.333984
1857 22 0.859375 0.273438
1858 20 0.781250 0.210938
1859 19 0.742188 0.150391
1860 17 0.664063 0.087891
1861 15 0.585938 0.025391
1862 14 0.546875 -0.035156
1863 13 0.507813 -0.097656
1864 11 0.429688 -0.160156
1865 10 0.390625 -0.222656
1866 8 0.312500 -0.287109
1867 6 0.234375 -0.349609
1868 4 0.156250 -0.410156
1869 3 0.117188 -0.468750
1870 2 0.078125 -0.529297
1871 0 0.000000 -0.591797
1872 -1 -0.039063 -0.652344
1873 -3 -0.117188 -0.714844
1874 -5 -0.195313 -0.775391
1875 -7 -0.273438 -0.835938
1876 -8 -0.312500 -0.894531
1877 -10 -0.390625 -0.953125
1878 -11 -0.429688 -1.011719
1879 -13 -0.507813 -1.070313
1880 -15 -0.585938 -1.126953
1881 -16 -0.625000 -1.183594
1882 -18 -0.703125 -1.240234
1883 -19 -0.742188 -1.294922
1884 -21 -0.820313 -1.349609
1885 -23 -0.898438 -1.402344
1886 -24 -0.937500 -1.453125
1887 -25 -0.976563 -1.505859
1888 -26 -1.015625 -1.556641
1889 -28 -1.093750 -1.609375
1890 -30 -1.171875 -1.658203
1891 -31 -1.210938 -1.705078
1892 -33 -1.289063 -1.751953
1893 -34 -1.328125 -1.796875
1894 -36 -1.406250 -1.841797
1895 -37 -1.445313 -1.884766
1896 -38 -1.484375 -1.927734
1897 -40 -1.562500 -1.968750
1898 -41 -1.601563 -2.005859
1899 -42 -1.640625 -2.042969
1900 -44 -1.718750 -2.080078
1901 -45 -1.757813 -2.115234
1902 -46 -1.796875 -2.148438
1903 -47 -1.835938 -2.181641
1904 -48 -1.875000 -2.214844
1905 -49 -1.914063 -2.246094
1906 -51 -1.992188 -2.275391
1907 -51 -1.992188 -2.302734
1908 -53 -2.070313 -2.330078
1909 -53 -2.070313 -2.355469
1910 -54 -2.109375 -2.378906
1911 -55 -2.148438 -2.402344
1912 -56 -2.187500 -2.423828
1913 -57 -2.226563 -2.443359
1914 -58 -2.265625 -2.460938
1915 -59 -2.304688 -2.476563
1916 -59 -2.304688 -2.490234
1917 -59 -2.304688 -2.503906
1918 -60 -2.343750 -2.517578
1919 -61 -2.382813 -2.529297
1920 -62 -2.421875 -2.539063
1921 -62 -2.421875 -2.546875
1922 -63 -2.460938 -2.552734
1923 -64 -2.500000 -2.558594
1924 -64 -2.500000 -2.560547
1925 -64 -2.500000 -2.562500
1926 -65 -2.539063 -2.564453
1927 -65 -2.539063 -2.562500
1928 -66 -2.578125 -2.560547
1929 -65 -2.539063 -2.554688
1930 -66 -2.578125 -2.548828
1931 -66 -2.578125 -2.539063
1932 -66 -2.578125 -2.529297
1933 -66 -2.578125 -2.519531
1934 -66 -2.578125 -2.505859
1935 -66 -2.578125 -2.492188
1936 -66 -2.578125 -2.476563
1937 -66 -2.578125 -2.458984
1938 -66 -2.578125 -2.441406
1939 -66 -2.578125 -2.421875
1940 -66 -2.578125 -2.400391
1941 -65 -2.539063 -2.376953
1942 -66 -2.578125 -2.353516
1943 -65 -2.539063 -2.326172
1944 -65 -2.539063 -2.298828
1945 -65 -2.539063 -2.269531
1946 -64 -2.500000 -2.238281
1947 -64 -2.500000 -2.207031
1948 -63 -2.460938 -2.171875
1949 -62 -2.421875 -2.138672
1950 -61 -2.382813 -2.103516
1951 -61 -2.382813 -2.070313
1952 -61 -2.382813 -2.033203
1953 -59 -2.304688 -1.994141
1954 -59 -2.304688 -1.957031
1955 -58 -2.265625 -1.916016
1956 -57 -2.226563 -1.875000
1957 -57 -2.226563 -1.832031
1958 -56 -2.187500 -1.787109
1959 -55 -2.148438 -1.740234
1960 -54 -2.109375 -1.693359
1961 -53 -2.070313 -1.646484
1962 -52 -2.031250 -1.599609
1963 -51 -1.992188 -1.548828
1964 -50 -1.953125 -1.498047
1965 -49 -1.914063 -1.447266
1966 -48 -1.875000 -1.394531
1967 -46 -1.796875 -1.341797
1968 -46 -1.796875 -1.289063
1969 -44 -1.718750 -1.234375
1970 -44 -1.718750 -1.179688
1971 -42 -1.640625 -1.121094
1972 -41 -1.601563 -1.064453
1973 -40 -1.562500 -1.005859
1974 -38 -1.484375 -0.947266
1975 -37 -1.445313 -0.890625
1976 -35 -1.367188 -0.830078
1977 -34 -1.328125 -0.771484
1978 -32 -1.250000 -0.710938
1979 -31 -1.210938 -0.650391
1980 -30 -1.171875 -0.589844
1981 -29 -1.132813 -0.527344
1982 -26 -1.015625 -0.464844
1983 -25 -0.976563 -0.406250
1984 -24 -0.937500 -0.345703
1985 -22 -0.859375 -0.283203
1986 -21 -0.820313 -0.220703
1987 -19 -0.742188 -0.158203
1988 -18 -0.703125 -0.095703
1989 -16 -0.625000 -0.033203
1990 -14 -0.546875 0.029297
1991 -13 -0.507813 0.091797
1992 -11 -0.429688 0.154297
1993 -10 -0.390625 0.216797
1994 -9 -0.351563 0.279297
1995 -6 -0.234375 0.343750
1996 -5 -0.195313 0.404297
1997 -3 -0.117188 0.464844
1998 -1 -0.039063 0.525391
1999 0 0.000000 0.583984
2000 2 0.078125 0.644531
2001 3 0.117188 0.705078
2002 4 0.156250 0.765625
2003 6 0.234375 0.826172
2004 8 0.312500 0.882813
2005 10 0.390625 0.939453
2006 11 0.429688 0.994141
2007 13 0.507813 1.048828
2008 14 0.546875 1.101563
2009 16 0.625000 1.154297
2010 18 0.703125 1.207031
2011 19 0.742188 1.257813
2012 21 0.820313 1.308594
2013 22 0.859375 1.357422
2014 24 0.937500 1.406250
2015 25 0.976563 1.453125
2016 26 1.015625 1.500000
2017 28 1.093750 1.546875
2018 29 1.132813 1.591797
2019 31 1.210938 1.634766
2020 33 1.289063 1.677734
2021 34 1.328125 1.718750
2022 35 1.367188 1.757813
2023 35 1.367188 1.796875
2024 37 1.445313 1.835938
2025 38 1.484375 1.873047
2026 39 1.523438 1.908203
2027 40 1.562500 1.943359
2028 41 1.601563 1.978516
2029 43 1.679688 2.011719
2030 44 1.718750 2.042969
2031 45 1.757813 2.072266
2032 46 1.796875 2.099609
2033 47 1.835938 2.126953
2034 48 1.875000 2.152344
2035 49 1.914063 2.177734
2036 50 1.953125 2.201172
2037 51 1.992188 2.222656
2038 51 1.992188 2.242188
2039 53 2.070313 2.261719
2040 54 2.109375 2.277344
2041 54 2.109375 2.291016
2042 55 2.148438 2.304688
2043 55 2.148438 2.316406
2044 56 2.187500 2.328125
2045 56 2.187500 2.337891
2046 57 2.226563 2.347656
2047 58 2.265625 2.353516
2048 58 2.265625 2.357422
2049 59 2.304688 2.361328
2050 59 2.304688 2.363281
2051 59 2.304688 2.361328
2052 60 2.343750 2.361328
2053 60 2.343750 2.359375
2054 61 2.382813 2.355469
2055 61 2.382813 2.347656
2056 61 2.382813 2.337891
2057 61 2.382813 2.328125
2058 61 2.382813 2.318359
2059 61 2.382813 2.306641
2060 61 2.382813 2.292969
2061 61 2.382813 2.277344
2062 61 2.382813 2.259766
2063 61 2.382813 2.240234
2064 61 2.382813 2.220703
2065 61 2.382813 2.199219
2066 60 2.343750 2.175781
2067 60 2.343750 2.152344
2068 60 2.343750 2.126953
2069 60 2.343750 2.099609
2070 58 2.265625 2.070313
2071 59 2.304688 2.042969
2072 59 2.304688 2.011719
2073 58 2.265625 1.976563
2074 57 2.226563 1.941406
2075 56 2.187500 1.906250
2076 56 2.187500 1.871094
2077 56 2.187500 1.833984
2078 55 2.148438 1.794922
2079 54 2.109375 1.753906
2080 53 2.070313 1.712891
2081 52 2.031250 1.671875
2082 51 1.992188 1.628906
2083 51 1.992188 1.585938
2084 50 1.953125 1.541016
2085 49 1.914063 1.494141
2086 48 1.875000 1.447266
2087 47 1.835938 1.400391
2088 46 1.796875 1.351563
2089 45 1.757813 1.300781
2090 44 1.718750 1.250000
2091 43 1.679688 1.197266
2092 41 1.601563 1.142578
2093 40 1.562500 1.089844
2094 39 1.523438 1.037109
2095 38 1.484375 0.982422
2096 37 1.445313 0.927734
2097 36 1.406250 0.871094
2098 34 1.328125 0.812500
2099 33 1.289063 0.753906
2100 32 1.250000 0.695313
2101 30 1.171875 0.636719
2102 29 1.132813 0.578125
2103 28 1.093750 0.517578
2104 26 1.015625 0.457031
2105 25 0.976563 0.396484
2106 24 0.937500 0.335938
2107 22 0.859375 0.271484
2108 20 0.781250 0.208984
2109 19 0.742188 0.148438
2110 17 0.664063 0.085938
2111 15 0.585938 0.025391
2112 14 0.546875 -0.035156
2113 13 0.507813 -0.097656
2114 11 0.429688 -0.160156
2115 10 0.390625 -0.222656
2116 8 0.312500 -0.287109
2117 6 0.234375 -0.349609
2118 4 0.156250 -0.410156
2119 3 0.117188 -0.470703
2120 2 0.078125 -0.531250
2121 0 0.000000 -0.593750
2122 -2 -0.078125 -0.654297
2123 -3 -0.117188 -0.714844
2124 -5 -0.195313 -0.775391
2125 -6 -0.234375 -0.835938
2126 -9 -0.351563 -0.896484
2127 -10 -0.390625 -0.953125
2128 -11 -0.429688 -1.011719
2129 -13 -0.507813 -1.070313
2130 -14 -0.546875 -1.126953
2131 -16 -0.625000 -1.185547
2132 -18 -0.703125 -1.242188
2133 -19 -0.742188 -1.296875
2134 -21 -0.820313 -1.349609
2135 -23 -0.898438 -1.402344
2136 -24 -0.937500 -1.453125
2137 -25 -0.976563 -1.503906
2138 -27 -1.054688 -1.554688
2139 -28 -1.093750 -1.603516
2140 -30 -1.171875 -1.652344
2141 -31 -1.210938 -1.699219
2142 -33 -1.289063 -1.746094
2143 -34 -1.328125 -1.791016
2144 -36 -1.406250 -1.835938
2145 -37 -1.445313 -1.878906
2146 -38 -1.484375 -1.919922
2147 -40 -1.562500 -1.960938
2148 -41 -1.601563 -2.000000
2149 -42 -1.640625 -2.037109
2150 -44 -1.718750 -2.076172
2151 -45 -1.757813 -2.111328
2152 -46 -1.796875 -2.144531
2153 -46 -1.796875 -2.177734
2154 -48 -1.875000 -2.210938
2155 -49 -1.914063 -2.242188
2156 -50 -1.953125 -2.273438
2157 -51 -1.992188 -2.300781
2158 -52 -2.031250 -2.328125
2159 -53 -2.070313 -2.355469
2160 -54 -2.109375 -2.378906
2161 -55 -2.148438 -2.402344
2162 -56 -2.187500 -2.423828
2163 -57 -2.226563 -2.443359
2164 -58 -2.265625 -2.460938
2165 -58 -2.265625 -2.476563
2166 -59 -2.304688 -2.492188
2167 -60 -2.343750 -2.505859
2168 -60 -2.343750 -2.517578
2169 -62 -2.421875 -2.529297
2170 -62 -2.421875 -2.537109
2171 -62 -2.421875 -2.544922
2172 -63 -2.460938 -2.552734
2173 -63 -2.460938 -2.556641
2174 -64 -2.500000 -2.560547
2175 -65 -2.539063 -2.562500
2176 -64 -2.500000 -2.560547
2177 -65 -2.539063 -2.560547
2178 -66 -2.578125 -2.556641
2179 -65 -2.539063 -2.550781
2180 -66 -2.578125 -2.544922
2181 -66 -2.578125 -2.537109
2182 -66 -2.578125 -2.527344
2183 -66 -2.578125 -2.515625
2184 -66 -2.578125 -2.503906
2185 -66 -2.578125 -2.490234
2186 -66 -2.578125 -2.474609
2187 -66 -2.578125 -2.457031
2188 -66 -2.578125 -2.439453
2189 -66 -2.578125 -2.419922
2190 -66 -2.578125 -2.398438
2191 -66 -2.578125 -2.375000
2192 -65 -2.539063 -2.349609
2193 -65 -2.539063 -2.326172
2194 -65 -2.539063 -2.300781
2195 -64 -2.500000 -2.271484
2196 -64 -2.500000 -2.242188
2197 -63 -2.460938 -2.210938
2198 -63 -2.460938 -2.177734
2199 -62 -2.421875 -2.144531
2200 -62 -2.421875 -2.109375
2201 -61 -2.382813 -2.072266
2202 -60 -2.343750 -2.035156
2203 -60 -2.343750 -1.998047
2204 -59 -2.304688 -1.957031
2205 -58 -2.265625 -1.916016
2206 -57 -2.226563 -1.875000
2207 -57 -2.226563 -1.833984
2208 -56 -2.187500 -1.789063
2209 -55 -2.148438 -1.742188
2210 -54 -2.109375 -1.697266
2211 -53 -2.070313 -1.650391
2212 -53 -2.070313 -1.603516
2213 -52 -2.031250 -1.550781
2214 -50 -1.953125 -1.498047
2215 -49 -1.914063 -1.447266
2216 -48 -1.875000 -1.394531
2217 -46 -1.796875 -1.341797
2218 -46 -1.796875 -1.289063
2219 -44 -1.718750 -1.234375
2220 -43 -1.679688 -1.179688
2221 -42 -1.640625 -1.123047
2222 -41 -1.601563 -1.066406
2223 -39 -1.523438 -1.007813
2224 -38 -1.484375 -0.951172
2225 -37 -1.445313 -0.892578
2226 -36 -1.406250 -0.833984
2227 -34 -1.328125 -0.773438
2228 -32 -1.250000 -0.712891
2229 -32 -1.250000 -0.654297
2230 -30 -1.171875 -0.591797
2231 -29 -1.132813 -0.529297
2232 -26 -1.015625 -0.466797
2233 -25 -0.976563 -0.406250
2234 -24 -0.937500 -0.343750
2235 -22 -0.859375 -0.281250
2236 -21 -0.820313 -0.218750
2237 -19 -0.742188 -0.156250
2238 -18 -0.703125 -0.093750
2239 -16 -0.625000 -0.031250
2240 -14 -0.546875 0.029297
2241 -13 -0.507813 0.089844
2242 -11 -0.429688 0.152344
2243 -10 -0.390625 0.212891
2244 -8 -0.312500 0.275391
2245 -7 -0.273438 0.337891
2246 -5 -0.195313 0.400391
2247 -3 -0.117188 0.460938
2248 -2 -0.078125 0.521484
2249 0 0.000000 0.582031
2250 2 0.078125 0.642578
2251 3 0.117188 0.701172
2252 5 0.195313 0.759766
2253 7 0.273438 0.816406
2254 8 0.312500 0.873047
2255 10 0.390625 0.929688
2256 11 0.429688 0.984375
2257 13 0.507813 1.039063
2258 14 0.546875 1.093750
2259 15 0.585938 1.148438
2260 17 0.664063 1.203125
2261 19 0.742188 1.255859
2262 20 0.781250 1.306641
2263 22 0.859375 1.357422
2264 24 0.937500 1.406250
2265 25 0.976563 1.453125
2266 26 1.015625 1.498047
2267 28 1.093750 1.544922
2268 29 1.132813 1.589844
2269 31 1.210938 1.634766
2270 32 1.250000 1.675781
2271 33 1.289063 1.718750
2272 34 1.328125 1.761719
2273 36 1.406250 1.802734
2274 37 1.445313 1.839844
2275 38 1.484375 1.876953
2276 39 1.523438 1.914063
2277 41 1.601563 1.949219
2278 42 1.640625 1.982422
2279 43 1.679688 2.015625
2280 44 1.718750 2.044922
2281 45 1.757813 2.074219
2282 46 1.796875 2.101563
2283 47 1.835938 2.128906
2284 48 1.875000 2.156250
2285 48 1.875000 2.179688
2286 50 1.953125 2.205078
2287 51 1.992188 2.226563
2288 52 2.031250 2.246094
2289 52 2.031250 2.263672
2290 54 2.109375 2.281250
2291 55 2.148438 2.294922
2292 55 2.148438 2.306641
2293 55 2.148438 2.318359
2294 56 2.187500 2.330078
2295 57 2.226563 2.339844
2296 57 2.226563 2.345703
2297 58 2.265625 2.351563
2298 59 2.304688 2.355469
2299 58 2.265625 2.357422
2300 59 2.304688 2.361328
2301 59 2.304688 2.361328
2302 60 2.343750 2.361328
2303 61 2.382813 2.357422
2304 60 2.343750 2.351563
2305 61 2.382813 2.345703
2306 61 2.382813 2.335938
2307 61 2.382813 2.326172
2308 61 2.382813 2.314453
2309 61 2.382813 2.302734
2310 61 2.382813 2.289063
2311 61 2.382813 2.275391
2312 61 2.382813 2.257813
2313 61 2.382813 2.240234
2314 61 2.382813 2.220703
2315 60 2.343750 2.199219
2316 60 2.343750 2.177734
2317 60 2.343750 2.154297
2318 60 2.343750 2.128906
2319 60 2.343750 2.101563
2320 59 2.304688 2.072266
2321 59 2.304688 2.042969
2322 58 2.265625 2.011719
2323 58 2.265625 1.978516
2324 57 2.226563 1.943359
2325 56 2.187500 1.908203
2326 56 2.187500 1.871094
2327 55 2.148438 1.833984
2328 55 2.148438 1.794922
2329 54 2.109375 1.753906
2330 54 2.109375 1.712891
2331 52 2.031250 1.669922
2332 52 2.031250 1.628906
2333 51 1.992188 1.583984
2334 50 1.953125 1.537109
2335 49 1.914063 1.490234
2336 48 1.875000 1.443359
2337 47 1.835938 1.394531
2338 46 1.796875 1.345703
2339 45 1.757813 1.294922
2340 44 1.718750 1.244141
2341 43 1.679688 1.193359
2342 41 1.601563 1.138672
2343 40 1.562500 1.085938
2344 39 1.523438 1.033203
2345 37 1.445313 0.978516
2346 37 1.445313 0.925781
2347 35 1.367188 0.869141
2348 34 1.328125 0.812500
2349 33 1.289063 0.753906
2350 32 1.250000 0.695313
2351 31 1.210938 0.634766
2352 29 1.132813 0.574219
2353 27 1.054688 0.513672
2354 26 1.015625 0.455078
2355 25 0.976563 0.394531
2356 23 0.898438 0.332031
2357 22 0.859375 0.271484
2358 20 0.781250 0.208984
2359 19 0.742188 0.146484
2360 18 0.703125 0.083984
2361 15 0.585938 0.019531
2362 14 0.546875 -0.041016
2363 13 0.507813 -0.103516
2364 11 0.429688 -0.166016
2365 10 0.390625 -0.228516
2366 8 0.312500 -0.291016
2367 6 0.234375 -0.353516
2368 4 0.156250 -0.414063
2369 3 0.117188 -0.474609
2370 1 0.039063 -0.537109
2371 0 0.000000 -0.597656
2372 -2 -0.078125 -0.658203
2373 -3 -0.117188 -0.718750
2374 -5 -0.195313 -0.779297
2375 -7 -0.273438 -0.839844
2376 -8 -0.312500 -0.898438
2377 -10 -0.390625 -0.957031
2378 -12 -0.468750 -1.015625
2379 -13 -0.507813 -1.074219
2380 -15 -0.585938 -1.130859
2381 -16 -0.625000 -1.185547
2382 -18 -0.703125 -1.242188
2383 -19 -0.742188 -1.296875
2384 -21 -0.820313 -1.349609
2385 -22 -0.859375 -1.402344
2386 -24 -0.937500 -1.455078
2387 -25 -0.976563 -1.505859
2388 -27 -1.054688 -1.558594
2389 -29 -1.132813 -1.607422
2390 -30 -1.171875 -1.654297
2391 -31 -1.210938 -1.701172
2392 -33 -1.289063 -1.748047
2393 -34 -1.328125 -1.792969
2394 -36 -1.406250 -1.837891
2395 -37 -1.445313 -1.878906
2396 -38 -1.484375 -1.919922
2397 -40 -1.562500 -1.960938
2398 -42 -1.640625 -2.000000
2399 -42 -1.640625 -2.035156
2400 -43 -1.679688 -2.072266
2401 -45 -1.757813 -2.109375
2402 -46 -1.796875 -2.142578
2403 -46 -1.796875 -2.175781
2404 -48 -1.875000 -2.210938
2405 -49 -1.914063 -2.242188
2406 -50 -1.953125 -2.271484
2407 -52 -2.031250 -2.300781
2408 -52 -2.031250 -2.326172
2409 -53 -2.070313 -2.353516
2410 -54 -2.109375 -2.376953
2411 -55 -2.148438 -2.400391
2412 -56 -2.187500 -2.421875
2413 -57 -2.226563 -2.441406
2414 -57 -2.226563 -2.458984
2415 -58 -2.265625 -2.476563
2416 -59 -2.304688 -2.492188
2417 -60 -2.343750 -2.505859
2418 -60 -2.343750 -2.517578
2419 -61 -2.382813 -2.529297
2420 -62 -2.421875 -2.539063
2421 -62 -2.421875 -2.546875
2422 -63 -2.460938 -2.554688
2423 -64 -2.500000 -2.558594
2424 -64 -2.500000 -2.560547
2425 -64 -2.500000 -2.562500
2426 -65 -2.539063 -2.562500
2427 -65 -2.539063 -2.560547
2428 -66 -2.578125 -2.558594
2429 -65 -2.539063 -2.552734
2430 -66 -2.578125 -2.548828
2431 -66 -2.578125 -2.541016
2432 -66 -2.578125 -2.531250
2433 -66 -2.578125 -2.519531
2434 -66 -2.578125 -2.507813
2435 -66 -2.578125 -2.494141
2436 -66 -2.578125 -2.478516
2437 -66 -2.578125 -2.462891
2438 -66 -2.578125 -2.443359
2439 -66 -2.578125 -2.423828
2440 -66 -2.578125 -2.402344
2441 -66 -2.578125 -2.378906
2442 -65 -2.539063 -2.353516
2443 -65 -2.539063 -2.328125
2444 -65 -2.539063 -2.300781
2445 -64 -2.500000 -2.271484
2446 -64 -2.500000 -2.240234
2447 -64 -2.500000 -2.207031
2448 -63 -2.460938 -2.171875
2449 -63 -2.460938 -2.138672
2450 -62 -2.421875 -2.101563
2451 -61 -2.382813 -2.064453
2452 -60 -2.343750 -2.027344
2453 -60 -2.343750 -1.990234
2454 -59 -2.304688 -1.951172
2455 -58 -2.265625 -1.910156
2456 -58 -2.265625 -1.869141
2457 -56 -2.187500 -1.824219
2458 -56 -2.187500 -1.781250
2459 -55 -2.148438 -1.736328
2460 -54 -2.109375 -1.689453
2461 -53 -2.070313 -1.642578
2462 -52 -2.031250 -1.593750
2463 -51 -1.992188 -1.542969
2464 -50 -1.953125 -1.494141
2465 -48 -1.875000 -1.443359
2466 -47 -1.835938 -1.392578
2467 -46 -1.796875 -1.339844
2468 -46 -1.796875 -1.287109
2469 -44 -1.718750 -1.232422
2470 -43 -1.679688 -1.177734
2471 -42 -1.640625 -1.121094
2472 -41 -1.601563 -1.064453
2473 -40 -1.562500 -1.005859
2474 -38 -1.484375 -0.945313
2475 -37 -1.445313 -0.886719
2476 -35 -1.367188 -0.828125
2477 -34 -1.328125 -0.769531
2478 -33 -1.289063 -0.708984
2479 -31 -1.210938 -0.646484
2480 -30 -1.171875 -0.585938
2481 -28 -1.093750 -0.527344
2482 -26 -1.015625 -0.472656
2483 -26 -1.015625 -0.421875
2484 -24 -0.937500 -0.371094
2485 -22 -0.859375 -0.324219
2486 -20 -0.781250 -0.281250
2487 -19 -0.742188 -0.242188
2488 -18 -0.703125 -0.205078
2489 -16 -0.625000 -0.169922
2490 -14 -0.546875 -0.138672
2491 -13 -0.507813 -0.111328
2492 -11 -0.429688 -0.085938
2493 -9 -0.351563 -0.064453
2494 -8 -0.312500 -0.046875
2495 -7 -0.273438 -0.031250
2496 -5 -0.195313 -0.017578
2497 -3 -0.117188 -0.007813
2498 -1 -0.039063 -0.001953
2499 0 0.000000 0.000000
